ST:2
TTFW:2.0
level,win/fail,% travelled,run time,game ticks,planning time,total plannings,nodes evaluated,most backtracked nodes
Krys-1,false,0.38,32283,999,32242,999,1577709,18
Krys-2,false,0.79,32443,999,32412,999,1652234,998
Krys-3,false,0.80,12530,386,12527,386,634644,1833
Krys-4,true,1.00,11371,419,11368,351,609123,1833
Krys-5,true,1.00,3085,336,3079,94,170116,689
Krys-6,true,1.00,10220,521,10191,309,500206,1761
Krys-7,true,1.00,120,413,107,3,3143,396
Krys-8,true,1.00,57,385,22,1,908,163
Krys-9,true,1.00,84,384,58,2,1646,249
Krys-10,false,0.28,32391,999,32376,999,1649497,292
Krys-11,true,1.00,31,413,18,1,664,198
Krys-12,true,1.00,8875,405,8871,269,372168,1247
Krys-13,true,1.00,77,403,68,2,2849,348
Krys-14,false,0.79,32394,999,32391,999,1568754,846
Krys-15,false,0.80,10564,331,10564,331,500176,1155
Krys-16,false,0.69,32260,999,32243,999,1514282,955
Krys-17,true,1.00,8016,439,8012,243,444375,1695
Krys-18,false,0.63,8057,254,8055,254,341433,1409
Krys-19,true,1.00,5591,351,5586,169,185900,956
Krys-20,false,0.70,10106,312,10100,312,517386,1062
Krys-21,true,1.00,33,351,24,1,750,171
Krys-22,true,1.00,49,358,13,1,651,91
Krys-23,true,1.00,5995,399,5991,182,276477,487
Krys-24,true,1.00,9147,435,9143,277,424749,1183
Krys-25,true,1.00,2053,435,2044,62,100697,760
Krys-26,true,1.00,28,326,18,1,986,166
Krys-27,true,1.00,6413,352,6409,194,315855,953
Krys-28,true,1.00,9186,426,9182,283,472011,1440
Krys-29,true,1.00,141,407,132,4,4845,784
Krys-30,true,1.00,7495,417,7492,228,374277,1250
Krys-31,true,1.00,28,420,15,1,660,198
Krys-32,true,1.00,29,404,18,1,857,166
Krys-33,true,1.00,24,386,14,1,517,105
Krys-34,true,1.00,1855,376,1846,56,102110,1187
Krys-35,true,1.00,4591,411,4581,139,236330,836
Krys-36,false,0.28,32308,999,32305,999,1634487,14
Krys-37,true,1.00,128,374,119,4,6344,1610
Krys-38,true,1.00,47,388,26,1,1066,114
Krys-39,true,1.00,12121,440,12118,367,608853,1225
Krys-40,false,0.80,10329,320,10329,320,551910,1682
Krys-41,true,1.00,9005,401,9002,273,469886,1058
Krys-42,true,1.00,38,392,27,1,1377,313
Krys-43,true,1.00,64,348,57,2,1430,224
Krys-44,true,1.00,9273,421,9268,281,498428,1054
Krys-45,true,1.00,4035,427,4026,122,138808,1024
Krys-46,true,1.00,7867,440,7865,239,395331,1531
Krys-47,true,1.00,111,417,101,3,5039,710
Krys-48,true,1.00,25,393,16,1,583,62
Krys-49,true,1.00,540,421,529,16,23884,585
Krys-50,false,0.28,32339,999,32325,999,1652356,53
Krys-51,true,1.00,11088,393,11085,336,469173,1492
Krys-52,true,1.00,7526,392,7523,229,332969,1041
Krys-53,true,1.00,8647,413,8644,263,435695,1157
Krys-54,false,0.80,10400,326,10399,326,524771,1469
Krys-55,true,1.00,9356,373,9354,284,376877,900
Krys-56,false,0.59,32172,999,32170,999,1519959,731
Krys-57,true,1.00,24,327,15,1,598,196
Krys-58,true,1.00,8094,444,8089,246,422047,681
Krys-59,false,0.89,32455,999,32434,999,1537037,1628
Krys-60,true,1.00,11758,417,11758,358,571557,1352
Krys-61,false,0.48,32197,999,32169,999,1651775,1570
Krys-62,true,1.00,2718,441,2711,83,120903,1027
Krys-63,true,1.00,5619,437,5610,174,273895,861
Krys-64,true,1.00,2087,425,2079,63,115101,1623
Krys-65,true,1.00,3099,382,3092,94,138317,301
Krys-66,true,1.00,10548,423,10546,320,518547,1542
Krys-67,true,1.00,4763,441,4754,144,236004,513
Krys-68,true,1.00,38,345,31,1,1426,379
Krys-69,true,1.00,15481,612,15477,469,761176,1599
Krys-70,true,1.00,9870,442,9866,300,500928,1650
Krys-71,true,1.00,36,368,27,1,1321,602
Krys-72,true,1.00,26,408,17,1,678,80
Krys-73,true,1.00,10491,441,10487,319,520309,1447
Krys-74,true,1.00,23,402,14,1,443,51
Krys-75,true,1.00,31,412,22,1,827,286
Krys-76,true,1.00,4875,339,4872,148,246874,779
Krys-77,false,0.74,8452,269,8451,269,485472,1325
Krys-78,false,0.91,32293,999,32292,999,1602330,1437
Krys-79,true,1.00,6060,427,6049,183,157741,810
Krys-80,true,1.00,120,450,100,3,3468,410
Krys-81,true,1.00,4663,389,4657,141,197417,731
Krys-82,true,1.00,1958,375,1949,59,85687,567
Krys-83,true,1.00,12338,450,12336,374,601690,1311
Krys-84,true,1.00,32,408,22,1,820,383
Krys-85,true,1.00,8645,459,8640,262,443289,799
Krys-86,true,1.00,28,377,17,1,708,198
Krys-87,true,1.00,41,398,34,1,1278,799
Krys-88,true,1.00,8955,440,8951,272,477419,1352
Krys-89,true,1.00,3307,378,3297,100,146255,754
Krys-90,true,1.00,4788,335,4785,145,250199,749
Krys-91,true,1.00,26,399,12,1,440,112
Krys-92,true,1.00,10529,396,10527,322,450023,1469
Krys-93,true,1.00,8377,370,8374,254,426507,1453
Krys-94,true,1.00,38,387,29,1,1295,487
Krys-95,true,1.00,3177,364,3164,96,109273,509
Krys-96,true,1.00,48,349,33,1,937,181
Krys-97,true,1.00,4726,419,4720,143,236599,732
Krys-98,false,0.84,12018,393,12016,393,597298,1104
Krys-99,true,1.00,4923,378,4915,149,231652,887
Krys-100,true,1.00,22,367,15,1,621,86
