ST:8
TTFW:2.0
level,win/fail,% travelled,run time,game ticks,planning time,total plannings,nodes evaluated,most backtracked nodes
patternCount-1,false,0.93,18521,704,18518,704,389449,690
patternCount-2,true,1.00,3285,638,3272,173,73304,424
patternCount-3,false,0.96,17914,974,17902,974,380267,577
patternCount-4,true,1.00,288,874,271,33,5570,121
patternCount-5,true,1.00,480,682,466,38,10138,150
patternCount-6,true,1.00,50,576,37,3,650,286
patternCount-7,true,1.00,58,816,38,2,566,114
patternCount-8,true,1.00,24479,961,24473,926,500750,656
patternCount-9,true,1.00,4002,732,3983,187,85358,337
patternCount-10,true,1.00,43,543,28,1,98,11
patternCount-11,true,1.00,18034,722,18028,687,365426,611
patternCount-12,true,1.00,120,597,101,3,1299,320
patternCount-13,true,1.00,967,461,955,90,21275,240
patternCount-14,true,1.00,344,623,328,10,6768,151
patternCount-15,true,1.00,57,626,12,1,128,13
patternCount-16,true,1.00,70,757,50,3,698,79
patternCount-17,true,1.00,32,701,14,1,163,56
patternCount-18,true,1.00,52,677,36,1,555,314
patternCount-19,true,1.00,348,529,334,22,7339,348
patternCount-20,true,1.00,5229,708,5194,162,104266,455
patternCount-21,true,1.00,47,585,31,1,504,180
patternCount-22,true,1.00,17787,733,17782,699,365451,187
patternCount-23,false,0.97,13043,651,13041,651,280591,593
patternCount-24,false,0.79,12558,694,12556,694,268622,632
patternCount-25,true,1.00,42,489,29,1,526,311
patternCount-26,true,1.00,54,727,35,6,665,189
patternCount-27,true,1.00,8534,513,8523,307,170562,556
patternCount-28,true,1.00,508,741,489,18,10084,101
patternCount-29,true,1.00,3592,574,3581,147,70913,397
patternCount-30,true,1.00,124,845,102,3,1872,394
patternCount-31,true,1.00,8455,539,8446,339,180258,605
patternCount-32,true,1.00,4760,640,4748,415,99304,598
patternCount-33,true,1.00,9834,623,9827,431,215943,566
patternCount-34,true,1.00,8798,688,8787,475,188634,491
patternCount-35,true,1.00,30,545,15,1,216,78
patternCount-36,true,1.00,7590,544,7581,265,154608,645
patternCount-37,true,1.00,8173,622,8165,388,180114,593
patternCount-38,true,1.00,3102,474,3089,357,69863,233
patternCount-39,true,1.00,1063,578,1055,32,21939,241
patternCount-40,false,0.97,15449,711,15438,711,325145,499
patternCount-41,true,1.00,58,860,35,1,608,268
patternCount-42,true,1.00,5378,658,5365,178,110749,519
patternCount-43,true,1.00,73,760,55,5,1040,154
patternCount-44,true,1.00,707,614,690,23,14092,474
patternCount-45,true,1.00,3484,473,3471,149,71639,306
patternCount-46,true,1.00,5344,689,5332,265,114924,343
patternCount-47,true,1.00,15058,951,15045,530,318202,613
patternCount-48,true,1.00,5499,604,5488,170,114326,429
patternCount-49,true,1.00,3799,481,3791,227,81967,163
patternCount-50,true,1.00,16378,909,16363,573,343306,600
patternCount-51,true,1.00,1210,801,1193,193,27374,278
patternCount-52,true,1.00,93,633,75,5,1455,187
patternCount-53,false,0.99,23348,999,23335,999,460609,622
patternCount-54,true,1.00,31,685,15,1,157,27
patternCount-55,true,1.00,15091,906,15074,866,323807,641
patternCount-56,true,1.00,1975,735,1963,180,41307,350
patternCount-57,true,1.00,49,842,29,1,429,89
patternCount-58,true,1.00,8150,554,8143,250,156640,655
patternCount-59,true,1.00,268,569,256,8,5323,629
patternCount-60,true,1.00,2392,707,2375,369,54268,143
patternCount-61,true,1.00,2170,667,2153,132,47523,465
patternCount-62,true,1.00,4073,630,4061,150,82689,474
patternCount-63,true,1.00,45,717,31,1,436,134
patternCount-64,true,1.00,607,766,585,35,11982,269
patternCount-65,true,1.00,34,470,23,1,347,237
patternCount-66,true,1.00,3307,683,3294,106,66098,443
patternCount-67,true,1.00,8499,823,8485,266,172198,351
patternCount-68,true,1.00,37,574,26,1,316,116
patternCount-69,true,1.00,36,751,14,1,210,45
patternCount-70,true,1.00,27,586,10,1,145,23
patternCount-71,true,1.00,550,742,527,42,11526,199
patternCount-72,true,1.00,19215,751,19209,722,402495,610
patternCount-73,true,1.00,19382,900,19374,710,411579,614
patternCount-74,false,0.85,16005,783,16001,783,343462,642
patternCount-75,true,1.00,6846,679,6829,231,142671,573
patternCount-76,true,1.00,5914,688,5900,199,113930,350
patternCount-77,true,1.00,1723,843,1703,73,35841,539
patternCount-78,true,1.00,31,674,17,1,188,30
patternCount-79,true,1.00,17200,631,17196,590,345389,593
patternCount-80,true,1.00,13676,774,13661,643,287054,364
patternCount-81,true,1.00,28,678,12,1,139,11
patternCount-82,true,1.00,26,636,8,1,103,8
patternCount-83,true,1.00,498,457,489,118,11294,49
patternCount-84,true,1.00,1533,637,1522,62,32558,223
patternCount-85,true,1.00,6303,711,6293,276,127374,410
patternCount-86,true,1.00,1184,563,1170,59,25921,482
patternCount-87,true,1.00,39,781,21,1,300,96
patternCount-88,true,1.00,87,711,73,2,1396,234
patternCount-89,true,1.00,39,661,27,1,375,208
patternCount-90,true,1.00,28,547,16,1,201,77
patternCount-91,true,1.00,9926,712,9917,319,212853,634
patternCount-92,true,1.00,2783,683,2766,85,52583,305
patternCount-93,true,1.00,18989,806,18982,778,412455,694
patternCount-94,true,1.00,845,639,833,53,18190,663
patternCount-95,true,1.00,10244,617,10239,375,223300,335
patternCount-96,true,1.00,3069,485,3055,296,71271,224
patternCount-97,true,1.00,13953,671,13947,457,287647,603
patternCount-98,true,1.00,45,791,24,3,361,163
patternCount-99,true,1.00,3476,791,3458,115,70514,578
patternCount-100,true,1.00,719,558,705,22,14708,585
