ST:10
TTFW:2.0
level,win/fail,% travelled,run time,game ticks,planning time,total plannings,nodes evaluated,most backtracked nodes
patternCount-1,false,0.77,20453,751,20451,751,478577,622
patternCount-2,true,1.00,296,596,293,193,8200,49
patternCount-3,true,1.00,11455,720,11455,696,267433,531
patternCount-4,true,1.00,2410,805,2406,277,55171,105
patternCount-5,true,1.00,29,785,23,19,490,92
patternCount-6,true,1.00,28,763,9,1,174,40
patternCount-7,true,1.00,8685,640,8685,395,186467,509
patternCount-8,true,1.00,13655,627,13654,598,304587,398
patternCount-9,true,1.00,1169,544,1164,167,29806,204
patternCount-10,true,1.00,7133,549,7131,273,172368,111
patternCount-11,false,0.84,17574,702,17572,702,383316,210
patternCount-12,true,1.00,153,566,149,24,3487,650
patternCount-13,true,1.00,17,423,14,4,313,208
patternCount-14,true,1.00,370,655,367,64,8835,59
patternCount-15,true,1.00,2170,583,2165,169,48944,74
patternCount-16,true,1.00,1808,689,1804,219,45069,106
patternCount-17,true,1.00,96,739,91,3,1082,360
patternCount-18,true,1.00,14,695,9,1,197,104
patternCount-19,true,1.00,548,628,546,79,13782,194
patternCount-20,true,1.00,1828,608,1825,114,39797,151
patternCount-21,true,1.00,1600,766,1596,52,35467,485
patternCount-22,true,1.00,11653,831,11648,749,216468,504
patternCount-23,false,0.82,11358,539,11355,539,255437,743
patternCount-24,false,0.91,9479,681,9475,681,224348,263
patternCount-25,true,1.00,8,477,5,1,94,24
patternCount-26,true,1.00,581,515,578,127,14916,18
patternCount-27,true,1.00,13279,707,13278,562,288466,663
patternCount-28,true,1.00,321,694,316,78,8147,93
patternCount-29,true,1.00,4513,470,4511,200,101774,208
patternCount-30,true,1.00,338,866,319,10,6860,178
patternCount-31,true,1.00,5647,467,5645,182,126392,77
patternCount-32,true,1.00,765,463,762,307,19834,123
patternCount-33,true,1.00,8764,663,8761,560,230082,559
patternCount-34,true,1.00,3860,681,3857,651,103370,450
patternCount-35,true,1.00,4215,762,4208,275,103049,172
patternCount-36,true,1.00,4001,490,3999,173,99039,384
patternCount-37,true,1.00,1911,382,1908,144,47684,577
patternCount-38,true,1.00,1164,449,1161,392,31788,131
patternCount-39,true,1.00,19,555,16,1,335,155
patternCount-40,false,0.70,9572,567,9570,567,220518,157
patternCount-41,true,1.00,16036,736,16035,553,371870,451
patternCount-42,true,1.00,4797,633,4795,201,109410,323
patternCount-43,true,1.00,2749,722,2745,134,63620,289
patternCount-44,true,1.00,2839,658,2835,115,64426,198
patternCount-45,true,1.00,4399,646,4397,317,108077,570
patternCount-46,true,1.00,9318,988,9311,664,246523,383
patternCount-47,true,1.00,2267,725,2263,370,57474,171
patternCount-48,true,1.00,29,723,25,1,499,226
patternCount-49,true,1.00,2026,875,2019,139,51517,200
patternCount-50,false,0.92,12767,712,12763,712,262039,427
patternCount-51,true,1.00,147,566,144,121,3748,321
patternCount-52,true,1.00,7301,604,7297,330,171698,70
patternCount-53,false,0.93,9414,730,9410,730,225832,773
patternCount-54,true,1.00,9144,571,9142,403,209021,40
patternCount-55,false,0.58,12040,509,12039,509,271762,355
patternCount-56,true,1.00,20,613,17,9,351,43
patternCount-57,true,1.00,24,564,22,1,459,238
patternCount-58,false,0.67,18038,604,18038,604,419032,245
patternCount-59,true,1.00,6229,809,6226,399,152239,286
patternCount-60,true,1.00,801,587,797,226,22134,196
patternCount-61,true,1.00,1666,598,1663,282,44323,353
patternCount-62,true,1.00,1719,530,1717,95,41105,335
patternCount-63,true,1.00,3886,818,3881,122,91303,141
patternCount-64,true,1.00,5560,642,5557,208,126482,615
patternCount-65,true,1.00,9,570,5,1,95,8
patternCount-66,true,1.00,6050,678,6047,395,149803,175
patternCount-67,false,0.42,9041,333,9041,333,180929,584
patternCount-68,true,1.00,10357,600,10356,374,240030,468
patternCount-69,true,1.00,11,737,6,1,129,20
patternCount-70,true,1.00,5985,631,5977,202,131396,415
patternCount-71,true,1.00,916,716,913,179,24166,210
patternCount-72,true,1.00,20024,796,20022,775,454488,685
patternCount-73,true,1.00,19354,904,19352,812,422880,485
patternCount-74,false,0.56,9921,439,9918,439,225705,726
patternCount-75,true,1.00,6272,747,6267,293,125100,509
patternCount-76,true,1.00,21,834,15,1,316,125
patternCount-77,true,1.00,23,962,18,4,375,146
patternCount-78,true,1.00,11323,1007,11320,613,227289,444
patternCount-79,false,0.90,16030,672,16028,672,340064,194
patternCount-80,true,1.00,21266,883,21261,858,475176,406
patternCount-81,true,1.00,775,569,771,78,17001,102
patternCount-82,true,1.00,11,666,7,1,110,13
patternCount-83,true,1.00,196,757,190,155,5038,189
patternCount-84,true,1.00,11,634,7,1,147,25
patternCount-85,true,1.00,4715,814,4710,188,96483,174
patternCount-86,true,1.00,70,785,65,2,1426,436
patternCount-87,true,1.00,6819,937,6815,352,151768,137
patternCount-88,true,1.00,2823,823,2818,104,70120,394
patternCount-89,true,1.00,7648,745,7644,409,161997,140
patternCount-90,true,1.00,10467,796,10464,348,233580,587
patternCount-91,true,1.00,6228,412,6225,220,147487,377
patternCount-92,true,1.00,18648,787,18647,599,371602,120
patternCount-93,false,0.81,10953,714,10946,714,264744,504
patternCount-94,true,1.00,1085,557,1080,253,26542,113
patternCount-95,true,1.00,2041,542,2038,282,48167,62
patternCount-96,true,1.00,2962,897,2960,500,83046,322
patternCount-97,true,1.00,10465,718,10462,336,243318,329
patternCount-98,false,0.05,11,58,9,58,346,3
patternCount-99,true,1.00,1401,557,1398,196,37140,163
patternCount-100,true,1.00,8761,903,8756,431,222659,794
