ST:5
TTFW:1.0
level,win/fail,% travelled,run time,game ticks,planning time,total plannings,nodes evaluated,most backtracked nodes
Krys-1,true,1.00,670,599,636,18,10937,415
Krys-2,true,1.00,45,395,39,2,565,84
Krys-3,true,1.00,11377,557,11354,359,404644,929
Krys-4,true,1.00,10902,509,10900,355,401466,786
Krys-5,true,1.00,13,449,8,1,246,45
Krys-6,true,1.00,775,508,771,23,24101,764
Krys-7,true,1.00,26,417,8,1,289,39
Krys-8,true,1.00,579,612,574,16,12969,378
Krys-9,true,1.00,7,424,6,1,146,30
Krys-10,true,1.00,97,489,93,3,2599,317
Krys-11,true,1.00,12,495,8,1,240,46
Krys-12,true,1.00,10418,582,10414,315,370756,1125
Krys-13,true,1.00,10,412,8,1,199,38
Krys-14,true,1.00,175,451,152,5,4338,44
Krys-15,true,1.00,174,521,140,4,4228,968
Krys-16,true,1.00,4045,505,4042,122,133303,768
Krys-17,true,1.00,48,544,21,1,786,197
Krys-18,true,1.00,36,513,18,1,580,353
Krys-19,true,1.00,112,423,95,3,3356,980
Krys-20,true,1.00,8025,588,8020,244,303236,985
Krys-21,true,1.00,28,459,24,1,363,62
Krys-22,true,1.00,14,487,11,1,399,140
Krys-23,true,1.00,74,618,65,2,1369,290
Krys-24,false,0.70,31254,999,31251,999,1158633,614
Krys-25,false,0.18,27853,999,27827,999,1092866,20
Krys-26,true,1.00,11,407,8,1,343,211
Krys-27,true,1.00,138,457,134,4,2766,576
Krys-28,true,1.00,5773,596,5770,175,222260,536
Krys-29,true,1.00,30,550,26,1,934,319
Krys-30,true,1.00,6132,557,6128,186,202428,709
Krys-31,true,1.00,91,524,86,3,3125,377
Krys-32,true,1.00,31,513,27,1,362,215
Krys-33,true,1.00,20,467,5,1,157,29
Krys-34,true,1.00,100,564,81,3,1700,317
Krys-35,true,1.00,67,458,62,2,1397,555
Krys-36,true,1.00,12572,535,12571,400,468169,1125
Krys-37,true,1.00,90,557,86,3,3450,355
Krys-38,true,1.00,24,549,20,1,878,300
Krys-39,true,1.00,670,440,668,21,24942,101
Krys-40,true,1.00,31,557,28,1,1118,545
Krys-41,true,1.00,10824,547,10823,331,399921,1125
Krys-42,true,1.00,10,442,7,1,208,46
Krys-43,true,1.00,7,405,4,1,122,16
Krys-44,true,1.00,30,533,27,1,961,371
Krys-45,true,1.00,12728,563,12727,386,428605,968
Krys-46,true,1.00,69,518,65,2,2212,360
Krys-47,true,1.00,19,570,15,1,520,241
Krys-48,true,1.00,10,438,6,1,222,57
Krys-49,true,1.00,16,502,13,1,404,79
Krys-50,true,1.00,12178,593,12176,371,443782,1278
Krys-51,true,1.00,26,502,20,1,838,370
Krys-52,true,1.00,8270,553,8269,251,278822,891
Krys-53,true,1.00,19,544,18,1,567,176
Krys-54,true,1.00,7130,592,7127,216,291584,1030
Krys-55,true,1.00,55,523,52,2,1980,434
Krys-56,true,1.00,271,364,267,8,7260,959
Krys-57,true,1.00,15,400,13,1,442,116
Krys-58,true,1.00,101,467,98,3,3629,577
Krys-59,true,1.00,48,467,30,1,1034,779
Krys-60,true,1.00,13335,521,13334,406,508067,1218
Krys-61,true,1.00,19,552,16,1,564,227
Krys-62,true,1.00,23,499,17,1,493,242
Krys-63,true,1.00,498,646,493,15,17215,229
Krys-64,true,1.00,31,557,26,1,1038,233
Krys-65,true,1.00,2638,484,2630,80,89105,419
Krys-66,true,1.00,6998,484,6995,213,229216,580
Krys-67,true,1.00,255,541,251,8,10139,316
Krys-68,true,1.00,9,388,6,1,266,95
Krys-69,true,1.00,4193,595,4190,127,135069,469
Krys-70,true,1.00,13422,580,13420,411,495810,1346
Krys-71,true,1.00,10,473,8,1,260,72
Krys-72,true,1.00,30,537,27,1,896,264
Krys-73,true,1.00,14510,644,14509,445,515528,1125
Krys-74,true,1.00,9,448,6,1,194,55
Krys-75,true,1.00,26,482,22,1,647,456
Krys-76,true,1.00,26,485,22,1,767,493
Krys-77,true,1.00,11,457,8,1,273,96
Krys-78,true,1.00,3667,486,3665,119,124962,896
Krys-79,true,1.00,14,445,12,1,328,206
Krys-80,true,1.00,11,515,7,1,238,32
Krys-81,true,1.00,98,559,94,3,3612,607
Krys-82,true,1.00,86,485,81,3,2692,234
Krys-83,true,1.00,14759,591,14757,461,521484,800
Krys-84,true,1.00,7,388,6,1,166,59
Krys-85,true,1.00,254,644,250,8,9592,889
Krys-86,true,1.00,18,503,15,1,576,224
Krys-87,true,1.00,9286,446,9285,282,315808,1009
Krys-88,true,1.00,16,477,13,1,517,301
Krys-89,true,1.00,20,510,16,1,505,180
Krys-90,true,1.00,9,467,6,1,244,48
Krys-91,true,1.00,13,499,7,1,240,54
Krys-92,true,1.00,12541,535,12538,384,434072,1043
Krys-93,true,1.00,32,484,29,1,1194,631
Krys-94,true,1.00,18,495,15,1,579,315
Krys-95,true,1.00,17,454,10,1,283,55
Krys-96,true,1.00,12,482,10,1,355,97
Krys-97,true,1.00,9,447,6,1,175,15
Krys-98,true,1.00,15543,699,15542,490,529351,999
Krys-99,true,1.00,6022,505,6020,189,196526,331
Krys-100,true,1.00,8,467,5,1,221,28
