ST:3
TTFW:2.0
level,win/fail,% travelled,run time,game ticks,planning time,total plannings,nodes evaluated,most backtracked nodes
Krys-1,false,0.38,32083,999,32056,999,1046891,17
Krys-2,true,1.00,7818,443,7791,235,249421,956
Krys-3,true,1.00,13809,586,13805,420,489669,1175
Krys-4,true,1.00,7182,454,7177,217,265333,952
Krys-5,true,1.00,33,421,20,1,507,93
Krys-6,true,1.00,6689,428,6669,202,223076,994
Krys-7,true,1.00,49,428,13,1,366,60
Krys-8,true,1.00,3388,458,3377,100,110289,1032
Krys-9,true,1.00,29,424,15,1,437,129
Krys-10,true,1.00,11522,480,11518,351,401668,1011
Krys-11,true,1.00,26,453,10,1,252,33
Krys-12,true,1.00,9618,470,9614,292,281702,1106
Krys-13,true,1.00,46,461,34,1,997,362
Krys-14,true,1.00,9981,457,9975,305,329842,992
Krys-15,true,1.00,10578,463,10571,321,393779,938
Krys-16,true,1.00,6906,482,6898,213,229110,746
Krys-17,true,1.00,45,521,25,1,647,92
Krys-18,true,1.00,45,402,30,1,900,315
Krys-19,true,1.00,3720,427,3695,112,126255,904
Krys-20,false,0.69,11849,366,11848,366,423738,730
Krys-21,true,1.00,71,431,22,1,621,142
Krys-22,true,1.00,74,431,22,1,490,143
Krys-23,true,1.00,50,485,34,1,947,153
Krys-24,true,1.00,1688,412,1677,51,56578,482
Krys-25,true,1.00,1335,514,1322,40,46672,563
Krys-26,true,1.00,85,347,65,2,1272,256
Krys-27,true,1.00,6436,416,6428,194,204170,1078
Krys-28,true,1.00,5491,533,5479,166,195701,633
Krys-29,true,1.00,108,523,94,3,1842,213
Krys-30,true,1.00,9745,568,9736,295,313714,866
Krys-31,true,1.00,160,444,149,4,3302,322
Krys-32,true,1.00,36,497,14,1,310,18
Krys-33,true,1.00,27,443,15,1,297,47
Krys-34,true,1.00,66,479,51,2,1711,440
Krys-35,true,1.00,2553,437,2544,77,83852,770
Krys-36,true,1.00,13852,495,13850,420,496769,699
Krys-37,true,1.00,76,477,62,2,2122,218
Krys-38,true,1.00,47,461,31,1,1057,298
Krys-39,true,1.00,3314,443,3302,100,116275,813
Krys-40,true,1.00,10034,438,10031,304,371589,718
Krys-41,true,1.00,11348,518,11342,344,402185,626
Krys-42,true,1.00,28,437,15,1,415,80
Krys-43,true,1.00,62,385,53,2,669,117
Krys-44,true,1.00,9673,543,9654,293,311728,485
Krys-45,true,1.00,47,498,35,1,891,462
Krys-46,true,1.00,2875,502,2865,87,102628,222
Krys-47,true,1.00,35,522,22,1,523,95
Krys-48,true,1.00,27,420,14,1,323,50
Krys-49,true,1.00,40,482,27,1,709,202
Krys-50,true,1.00,11389,481,11384,347,327796,1035
Krys-51,true,1.00,7203,452,7195,218,249636,909
Krys-52,true,1.00,7036,444,7030,213,249280,957
Krys-53,true,1.00,8231,466,8224,252,297604,132
Krys-54,true,1.00,13074,506,13058,403,491037,1197
Krys-55,true,1.00,556,478,496,15,17424,659
Krys-56,false,0.59,31979,999,31975,999,1110210,115
Krys-57,true,1.00,29,380,20,1,507,96
Krys-58,true,1.00,56,467,37,1,1199,508
Krys-59,true,1.00,7136,567,7125,218,242163,1161
Krys-60,true,1.00,10443,438,10420,317,368965,466
Krys-61,false,0.48,31926,999,31918,999,1106214,818
Krys-62,true,1.00,3956,508,3934,121,120781,745
Krys-63,true,1.00,3126,617,3115,94,106471,736
Krys-64,true,1.00,1820,498,1812,55,69537,999
Krys-65,true,1.00,5450,466,5441,165,194558,408
Krys-66,true,1.00,10776,515,10771,328,365554,955
Krys-67,true,1.00,38,548,22,1,572,116
Krys-68,true,1.00,32,416,19,1,587,116
Krys-69,true,1.00,13776,731,13767,418,449807,1087
Krys-70,true,1.00,11601,473,11597,353,370131,1084
Krys-71,true,1.00,29,387,18,1,539,130
Krys-72,true,1.00,179,448,164,5,5452,219
Krys-73,true,1.00,11412,505,11409,347,395219,719
Krys-74,true,1.00,50,473,16,1,289,34
Krys-75,true,1.00,63,451,24,1,411,115
Krys-76,true,1.00,5446,397,5440,165,177683,1115
Krys-77,true,1.00,32,469,20,1,516,143
Krys-78,false,0.91,32047,999,32045,999,1149239,1113
Krys-79,true,1.00,743,452,729,22,16070,690
Krys-80,true,1.00,31,454,17,1,355,63
Krys-81,true,1.00,37,443,23,1,740,243
Krys-82,true,1.00,4872,406,4865,149,154522,962
Krys-83,true,1.00,11571,442,11568,351,388732,1007
Krys-84,true,1.00,27,410,12,1,245,50
Krys-85,true,1.00,40,520,25,1,785,162
Krys-86,true,1.00,5021,472,5014,152,189312,948
Krys-87,true,1.00,40,443,27,1,733,472
Krys-88,true,1.00,68,453,56,2,1949,445
Krys-89,true,1.00,41,455,28,1,793,286
Krys-90,true,1.00,46,410,33,1,1122,271
Krys-91,true,1.00,29,474,13,1,368,93
Krys-92,true,1.00,12412,472,12409,382,421335,1197
Krys-93,true,1.00,8452,408,8435,255,288963,1048
Krys-94,true,1.00,25,387,13,1,363,110
Krys-95,true,1.00,1679,393,1667,51,61288,282
Krys-96,true,1.00,35,443,24,1,712,94
Krys-97,true,1.00,58,427,44,2,1523,69
Krys-98,true,1.00,14716,527,14715,452,520131,974
Krys-99,true,1.00,2751,417,2744,83,84700,587
Krys-100,true,1.00,27,398,14,1,452,112
