ST:10
TTFW:1.0
level,win/fail,% travelled,run time,game ticks,planning time,total plannings,nodes evaluated,most backtracked nodes
Krys-1,false,0.75,9328,488,9319,488,113374,376
Krys-2,true,1.00,9045,723,9030,274,128853,413
Krys-3,false,0.70,12746,999,12698,999,201083,338
Krys-4,true,1.00,18751,954,18729,720,259148,386
Krys-5,true,1.00,17911,888,17871,562,278656,477
Krys-6,false,0.76,19923,681,19920,681,256719,412
Krys-7,true,1.00,11409,720,11401,349,158044,384
Krys-8,false,0.96,22757,888,22753,888,305154,390
Krys-9,true,1.00,13493,926,13464,437,188971,411
Krys-10,true,1.00,22670,833,22642,731,308648,389
Krys-11,true,1.00,349,709,319,10,3752,162
Krys-12,false,0.61,11663,999,11646,999,134477,96
Krys-13,false,0.68,16505,565,16502,565,213966,396
Krys-14,true,1.00,521,821,502,15,6632,262
Krys-15,false,0.80,11360,516,11357,516,171030,34
Krys-16,true,1.00,1712,969,1690,51,21286,306
Krys-17,true,1.00,18284,997,18274,571,246452,347
Krys-18,false,0.63,12373,406,12372,406,184737,448
Krys-19,true,1.00,19968,893,19957,627,252944,521
Krys-20,false,0.69,18095,718,18088,718,224087,385
Krys-21,true,1.00,445,676,426,13,5993,307
Krys-22,true,1.00,15648,642,15645,596,211431,420
Krys-23,true,1.00,18655,902,18638,656,252275,368
Krys-24,false,0.70,15606,999,15589,999,204623,446
Krys-25,false,0.18,4767,999,4740,999,75044,57
Krys-26,true,1.00,12494,495,12492,464,190320,375
Krys-27,false,0.79,14483,519,14480,519,155651,344
Krys-28,false,0.72,17765,625,17762,625,245771,375
Krys-29,true,1.00,9605,810,9592,296,142544,316
Krys-30,true,1.00,10371,810,10347,351,128458,301
Krys-31,false,0.96,22663,971,22652,971,305312,402
Krys-32,true,1.00,142,637,107,3,586,134
Krys-33,false,0.96,18753,592,18752,592,233178,255
Krys-34,true,1.00,17534,906,17524,610,235936,453
Krys-35,false,0.61,8502,318,8500,318,108046,347
Krys-36,false,0.91,16019,999,15999,999,214811,261
Krys-37,true,1.00,9681,544,9676,400,136630,479
Krys-38,false,0.80,10693,411,10692,411,173987,302
Krys-39,false,0.65,8321,351,8318,351,118201,309
Krys-40,false,0.80,14378,519,14375,519,230608,474
Krys-41,false,0.70,14075,999,14057,999,211098,183
Krys-42,false,0.79,14431,543,14430,543,177544,334
Krys-43,false,0.87,14657,535,14653,535,192957,418
Krys-44,false,0.75,13111,538,13106,538,181942,235
Krys-45,true,1.00,17331,800,17321,538,220126,364
Krys-46,true,1.00,17289,871,17259,581,221787,383
Krys-47,true,1.00,21415,714,21414,684,281199,406
Krys-48,true,1.00,13290,729,13284,427,199049,521
Krys-49,false,0.68,16735,542,16733,542,200376,139
Krys-50,false,0.70,17806,999,17786,999,246843,412
Krys-51,false,0.91,25894,877,25885,877,360719,416
Krys-52,false,0.96,23529,843,23507,843,287699,428
Krys-53,false,0.96,28002,921,27999,921,382142,398
Krys-54,false,0.41,15666,999,15646,999,209164,372
Krys-55,true,1.00,21793,853,21788,767,295495,434
Krys-56,false,0.35,9519,318,9514,318,121433,419
Krys-57,false,0.79,20826,695,20816,695,258386,369
Krys-58,true,1.00,5293,747,5271,163,65668,366
Krys-59,true,1.00,9894,998,9850,302,118770,395
Krys-60,false,0.91,21596,999,21582,999,304041,356
Krys-61,true,1.00,15953,904,15942,485,211680,353
Krys-62,true,1.00,3308,766,3294,100,39001,383
Krys-63,false,0.90,25526,999,25512,999,317506,324
Krys-64,true,1.00,74,822,57,2,645,363
Krys-65,true,1.00,14084,728,14077,444,165583,361
Krys-66,false,0.83,22989,741,22988,741,286405,397
Krys-67,true,1.00,107,759,87,3,1120,134
Krys-68,false,0.96,11376,509,11371,509,167985,364
Krys-69,false,0.86,13131,543,13127,543,166677,353
Krys-70,false,0.37,19752,999,19738,999,258584,396
Krys-71,false,0.96,17729,698,17725,698,247190,472
Krys-72,false,0.96,27069,933,27063,933,342488,449
Krys-73,false,0.56,16344,516,16342,516,201110,279
Krys-74,true,1.00,13317,698,13309,532,165215,90
Krys-75,true,1.00,123,889,101,3,1187,248
Krys-76,true,1.00,14927,703,14919,509,197193,349
Krys-77,true,1.00,7325,688,7313,222,98566,438
Krys-78,false,0.37,22699,999,22688,999,338135,459
Krys-79,true,1.00,18840,819,18832,593,235569,186
Krys-80,false,0.70,20403,689,20400,689,247527,355
Krys-81,false,0.39,6276,223,6276,223,83183,158
Krys-82,true,1.00,8345,749,8332,253,107284,186
Krys-83,false,0.91,16315,999,16297,999,236965,220
Krys-84,true,1.00,29,577,15,1,134,54
Krys-85,true,1.00,15774,824,15763,648,213756,362
Krys-86,true,1.00,25220,960,25216,766,300287,376
Krys-87,true,1.00,13156,672,13148,418,171329,348
Krys-88,false,0.96,20845,682,20845,682,282149,415
Krys-89,false,0.78,18433,639,18430,639,238362,342
Krys-90,false,0.91,12480,474,12478,474,190664,450
Krys-91,true,1.00,62,797,39,1,279,94
Krys-92,false,0.70,14613,480,14613,480,214112,416
Krys-93,true,1.00,16398,808,16387,532,224151,429
Krys-94,true,1.00,20660,728,20654,692,288225,446
Krys-95,true,1.00,16733,828,16720,559,217341,404
Krys-96,false,0.78,13174,501,13173,501,166610,205
Krys-97,false,0.70,14391,485,14389,485,178532,368
Krys-98,false,0.83,17398,732,17392,732,227986,336
Krys-99,true,1.00,11120,803,11110,337,131823,262
Krys-100,true,1.00,12295,585,12288,405,186424,456
