ST:1
TTFW:1.0
level,win/fail,% travelled,run time,game ticks,planning time,total plannings,nodes evaluated,most backtracked nodes
Krys-1,true,1.00,7791,297,7772,249,998962,3874
Krys-2,false,0.79,32606,999,32605,999,4836152,3610
Krys-3,false,0.80,9100,283,9060,283,1180537,4341
Krys-4,false,0.66,5615,175,5598,175,613983,4025
Krys-5,true,1.00,5614,243,5600,168,760748,4118
Krys-6,true,1.00,7117,266,7116,213,937013,4407
Krys-7,true,1.00,6949,248,6948,211,941634,4508
Krys-8,true,1.00,7421,258,7420,222,905331,3922
Krys-9,true,1.00,7602,273,7602,229,1061133,4652
Krys-10,true,1.00,8000,304,7997,248,1119149,4331
Krys-11,true,1.00,8022,277,8012,240,979919,4201
Krys-12,true,1.00,8232,285,8231,248,1026908,3782
Krys-13,true,1.00,7531,268,7530,225,952051,3730
Krys-14,false,0.79,32527,999,32505,999,4785767,2836
Krys-15,false,0.80,6755,209,6754,209,952641,4294
Krys-16,false,0.69,32444,999,32426,999,4889960,4118
Krys-17,false,0.79,6905,227,6903,227,953928,3732
Krys-18,true,1.00,7176,254,7174,215,875788,3494
Krys-19,true,1.00,8083,295,8081,243,1088639,4552
Krys-20,true,1.00,7330,264,7328,219,897311,3436
Krys-21,true,1.00,7756,273,7755,232,1076157,4858
Krys-22,true,1.00,8003,277,8002,244,1104794,4732
Krys-23,true,1.00,10147,347,10147,308,1353247,4769
Krys-24,true,1.00,9199,307,9154,276,1172104,4073
Krys-25,true,1.00,11359,381,11357,344,1582862,4309
Krys-26,true,1.00,6689,236,6687,201,931332,3908
Krys-27,true,1.00,8424,285,8421,252,985880,3492
Krys-28,false,0.67,5622,180,5622,180,719021,3402
Krys-29,true,1.00,7431,279,7431,227,925956,3792
Krys-30,true,1.00,7758,274,7757,235,953348,3792
Krys-31,true,1.00,6950,248,6950,209,832707,3642
Krys-32,true,1.00,5974,249,5973,182,793997,2691
Krys-33,true,1.00,7907,277,7907,237,936950,3749
Krys-34,true,1.00,7986,284,7986,243,1099438,4201
Krys-35,true,1.00,6645,272,6643,199,901090,3845
Krys-36,false,0.91,32512,999,32511,999,4623544,4308
Krys-37,true,1.00,5173,263,5173,165,706261,4284
Krys-38,false,0.89,8627,274,8611,274,1258453,5201
Krys-39,false,0.91,32545,999,32543,999,4691975,4262
Krys-40,false,0.80,7262,227,7262,227,988684,3994
Krys-41,true,1.00,8706,299,8705,261,1222543,4220
Krys-42,true,1.00,6660,240,6659,201,801085,4082
Krys-43,true,1.00,7645,267,7643,230,1008075,5122
Krys-44,false,0.79,6962,229,6961,229,973480,4022
Krys-45,true,1.00,8245,304,8244,249,1060336,3943
Krys-46,true,1.00,8267,278,8267,247,1084868,4041
Krys-47,true,1.00,7589,268,7589,231,1054779,4555
Krys-48,true,1.00,7522,270,7514,229,1026226,4492
Krys-49,true,1.00,7975,297,7973,241,966268,3741
Krys-50,true,1.00,8391,298,8391,250,1101976,4486
Krys-51,false,0.36,2916,101,2916,101,400031,3145
Krys-52,true,1.00,8663,291,8661,257,1056490,4256
Krys-53,true,1.00,7002,266,7002,211,941159,4506
Krys-54,false,0.80,6940,220,6939,220,955064,4608
Krys-55,true,1.00,7483,283,7481,228,1029447,4026
Krys-56,false,0.37,2595,94,2593,94,349711,1638
Krys-57,true,1.00,7334,257,7330,221,947002,4570
Krys-58,true,1.00,7436,279,7435,224,987842,4566
Krys-59,false,0.51,4310,141,4310,141,566519,3288
Krys-60,true,1.00,9103,315,9103,275,1268658,4641
Krys-61,true,1.00,6652,290,6651,206,887715,3310
Krys-62,true,1.00,9222,316,9206,277,1113028,3897
Krys-63,false,0.90,7908,262,7908,262,1031716,3881
Krys-64,false,0.24,1864,66,1864,66,270903,3413
Krys-65,true,1.00,6429,261,6429,204,802569,3572
Krys-66,true,1.00,7248,282,7247,219,907905,3640
Krys-67,false,0.76,7338,232,7338,232,962518,4371
Krys-68,true,1.00,6835,236,6835,204,914629,4159
Krys-69,false,0.76,6578,211,6578,211,849718,3836
Krys-70,true,1.00,11887,392,11887,363,1640802,3942
Krys-71,true,1.00,8330,281,8330,253,1222799,4343
Krys-72,true,1.00,7339,268,7338,221,898042,3785
Krys-73,false,0.58,4723,158,4723,158,615485,3422
Krys-74,true,1.00,6713,256,6711,201,802417,3873
Krys-75,true,1.00,8414,288,8414,253,1080435,4055
Krys-76,true,1.00,7136,269,7112,212,961589,4327
Krys-77,true,1.00,7937,278,7937,241,1112142,3850
Krys-78,false,0.70,32503,999,32473,999,4506925,4118
Krys-79,true,1.00,8227,300,8227,247,1057308,3706
Krys-80,true,1.00,8290,294,8288,249,1061921,4362
Krys-81,false,0.37,2523,92,2523,92,334958,2126
Krys-82,true,1.00,7658,280,7657,231,943450,3929
Krys-83,false,0.91,32333,999,32331,999,4972829,4727
Krys-84,true,1.00,6721,258,6719,204,899837,3016
Krys-85,true,1.00,8180,287,8180,246,1081392,3940
Krys-86,true,1.00,6815,255,6814,215,860321,3932
Krys-87,true,1.00,7389,281,7388,223,926361,3870
Krys-88,true,1.00,8766,295,8764,263,1188406,4074
Krys-89,true,1.00,8596,300,8595,259,1076905,3544
Krys-90,false,0.92,6991,218,6990,218,951496,3908
Krys-91,true,1.00,7911,280,7910,241,1018429,4118
Krys-92,true,1.00,9588,329,9588,289,1274307,3546
Krys-93,true,1.00,7864,262,7863,236,1057642,4510
Krys-94,true,1.00,8278,286,8278,249,1156773,4261
Krys-95,true,1.00,7553,272,7553,234,898775,3850
Krys-96,true,1.00,7107,246,7106,214,993653,3546
Krys-97,false,0.69,5694,184,5694,184,710086,4040
Krys-98,false,0.84,9519,303,9519,303,1219110,3697
Krys-99,true,1.00,8913,306,8913,270,1080292,3918
Krys-100,true,1.00,7291,260,7291,218,1029889,4588
