ST:4
TTFW:1.0
level,win/fail,% travelled,run time,game ticks,planning time,total plannings,nodes evaluated,most backtracked nodes
Krys-1,true,1.00,8166,544,8150,248,198501,747
Krys-2,true,1.00,5773,385,5762,174,131716,595
Krys-3,false,0.70,31724,999,31717,999,885031,915
Krys-4,true,1.00,7464,465,7444,225,205010,717
Krys-5,true,1.00,69,423,17,1,332,47
Krys-6,true,1.00,571,421,560,16,11820,642
Krys-7,true,1.00,50,462,18,1,277,48
Krys-8,true,1.00,138,428,125,4,1797,171
Krys-9,true,1.00,27,411,13,1,264,59
Krys-10,true,1.00,5551,473,5541,168,152078,548
Krys-11,true,1.00,33,442,21,1,374,220
Krys-12,true,1.00,9543,518,9532,289,243562,873
Krys-13,true,1.00,1926,378,1917,58,53017,444
Krys-14,true,1.00,9213,457,9207,279,222043,535
Krys-15,true,1.00,46,458,32,1,760,303
Krys-16,true,1.00,8068,470,8060,244,199756,709
Krys-17,true,1.00,4504,581,4490,136,130696,620
Krys-18,true,1.00,120,498,70,2,1777,426
Krys-19,true,1.00,843,357,833,25,20439,585
Krys-20,true,1.00,9423,548,9409,286,274166,709
Krys-21,true,1.00,42,405,29,1,818,575
Krys-22,true,1.00,25,400,12,1,238,50
Krys-23,true,1.00,47,526,33,1,773,260
Krys-24,true,1.00,6762,405,6755,219,179068,811
Krys-25,true,1.00,3643,545,3629,110,99689,678
Krys-26,true,1.00,56,390,18,1,422,101
Krys-27,true,1.00,6576,436,6570,202,159487,801
Krys-28,true,1.00,9591,457,9586,292,250642,712
Krys-29,true,1.00,5723,505,5714,173,158236,842
Krys-30,true,1.00,8802,467,8798,268,211089,726
Krys-31,true,1.00,146,468,133,4,1868,323
Krys-32,true,1.00,94,478,69,2,947,275
Krys-33,true,1.00,22,373,12,1,160,21
Krys-34,true,1.00,71,488,56,2,1412,81
Krys-35,true,1.00,3312,418,3305,100,78466,695
Krys-36,true,1.00,12537,483,12532,387,348717,634
Krys-37,true,1.00,2317,482,2309,70,68438,898
Krys-38,true,1.00,62,524,33,1,855,263
Krys-39,true,1.00,2017,456,1980,60,57030,472
Krys-40,true,1.00,3017,488,3005,91,72618,645
Krys-41,true,1.00,8809,463,8803,267,249996,636
Krys-42,true,1.00,38,465,20,1,364,81
Krys-43,true,1.00,25,369,15,1,171,38
Krys-44,true,1.00,1470,488,1455,44,34700,530
Krys-45,true,1.00,11863,508,11857,360,294002,807
Krys-46,true,1.00,8711,528,8702,264,230763,627
Krys-47,true,1.00,46,485,27,1,538,115
Krys-48,true,1.00,24,417,16,1,201,37
Krys-49,true,1.00,36,489,23,1,365,39
Krys-50,true,1.00,8469,440,8463,258,217306,763
Krys-51,true,1.00,7164,445,7158,217,194265,568
Krys-52,true,1.00,8065,513,8057,244,199387,531
Krys-53,true,1.00,6942,543,6933,210,186530,319
Krys-54,true,1.00,6977,466,6960,214,212850,816
Krys-55,true,1.00,695,540,644,19,17505,241
Krys-56,true,1.00,124,415,105,3,1392,465
Krys-57,true,1.00,26,327,16,1,257,70
Krys-58,true,1.00,9753,569,9743,297,263939,710
Krys-59,true,1.00,9999,470,9968,303,221044,736
Krys-60,true,1.00,12474,474,12470,378,321995,687
Krys-61,true,1.00,2523,440,2507,76,57370,531
Krys-62,true,1.00,5820,523,5808,176,128570,430
Krys-63,true,1.00,10105,588,10094,307,251837,764
Krys-64,true,1.00,2025,502,2013,61,53552,603
Krys-65,true,1.00,9030,505,9024,273,215460,548
Krys-66,true,1.00,9871,449,9866,300,238590,648
Krys-67,true,1.00,494,561,466,14,12550,275
Krys-68,true,1.00,2154,421,2145,65,68468,529
Krys-69,true,1.00,9013,503,9007,274,231577,711
Krys-70,true,1.00,11817,547,11812,360,319010,852
Krys-71,true,1.00,33,451,22,1,521,110
Krys-72,true,1.00,43,463,32,1,607,215
Krys-73,true,1.00,10956,507,10951,334,294541,636
Krys-74,true,1.00,28,444,17,1,308,81
Krys-75,true,1.00,38,456,26,1,500,283
Krys-76,true,1.00,4335,410,4326,131,111947,725
Krys-77,true,1.00,26,436,14,1,276,61
Krys-78,true,1.00,13008,477,13005,398,346773,853
Krys-79,true,1.00,12072,469,12068,366,301315,793
Krys-80,true,1.00,33,477,20,1,361,93
Krys-81,true,1.00,77,491,62,2,1629,440
Krys-82,true,1.00,113,443,99,3,1402,511
Krys-83,true,1.00,9997,447,9993,303,266453,667
Krys-84,true,1.00,25,346,12,1,265,56
Krys-85,true,1.00,3147,522,3137,95,86511,447
Krys-86,true,1.00,3112,459,3102,94,86628,556
Krys-87,true,1.00,9639,424,9635,292,244323,728
Krys-88,true,1.00,672,477,661,20,15719,474
Krys-89,true,1.00,43,478,28,1,637,193
Krys-90,true,1.00,44,432,33,1,881,203
Krys-91,true,1.00,25,429,12,1,230,43
Krys-92,true,1.00,11911,478,11906,372,306907,844
Krys-93,true,1.00,2948,415,2936,89,80907,460
Krys-94,true,1.00,122,384,109,4,3108,330
Krys-95,true,1.00,2283,389,2272,70,57552,828
Krys-96,true,1.00,327,449,316,10,10225,488
Krys-97,true,1.00,70,434,54,2,1180,412
Krys-98,true,1.00,12560,556,12556,396,325963,791
Krys-99,true,1.00,5585,467,5577,170,135245,643
Krys-100,true,1.00,42,414,29,1,335,52
