ST:7
TTFW:1.0
level,win/fail,% travelled,run time,game ticks,planning time,total plannings,nodes evaluated,most backtracked nodes
Krys-1,true,1.00,7909,762,7903,242,187565,447
Krys-2,true,1.00,4489,543,4466,135,90255,465
Krys-3,true,1.00,15053,850,15027,561,382991,682
Krys-4,true,1.00,167,648,152,5,3122,165
Krys-5,true,1.00,38,570,17,1,389,139
Krys-6,true,1.00,589,621,571,17,11088,530
Krys-7,true,1.00,11,486,7,1,114,15
Krys-8,true,1.00,48,591,23,1,490,179
Krys-9,true,1.00,31,510,12,1,301,145
Krys-10,true,1.00,112,531,109,3,1723,233
Krys-11,true,1.00,511,518,507,16,9165,352
Krys-12,false,0.70,20862,999,20856,999,558617,601
Krys-13,true,1.00,9713,603,9712,349,234606,751
Krys-14,true,1.00,28,542,22,1,417,263
Krys-15,true,1.00,7982,609,7980,243,232029,620
Krys-16,true,1.00,49,691,31,1,478,263
Krys-17,true,1.00,30,724,24,1,402,66
Krys-18,true,1.00,60,690,55,2,968,142
Krys-19,true,1.00,316,536,296,9,6115,414
Krys-20,true,1.00,2610,724,2605,79,61575,283
Krys-21,true,1.00,28,584,24,1,221,38
Krys-22,true,1.00,49,543,46,2,779,146
Krys-23,true,1.00,17,633,13,1,312,48
Krys-24,false,0.78,13968,492,13964,492,366303,715
Krys-25,true,1.00,2333,705,2284,80,63020,378
Krys-26,true,1.00,32,493,17,1,448,262
Krys-27,true,1.00,10649,654,10647,323,251650,691
Krys-28,true,1.00,12698,702,12697,399,356115,802
Krys-29,true,1.00,24,712,19,1,464,98
Krys-30,true,1.00,37,692,33,1,670,398
Krys-31,true,1.00,3425,660,3421,108,82093,330
Krys-32,true,1.00,13,508,9,1,179,71
Krys-33,true,1.00,10,493,6,1,139,42
Krys-34,true,1.00,15,584,12,1,270,41
Krys-35,true,1.00,89,558,83,3,1768,505
Krys-36,false,0.91,23381,999,23375,999,604179,341
Krys-37,true,1.00,61,671,57,2,1498,243
Krys-38,true,1.00,11207,653,11205,343,374343,494
Krys-39,true,1.00,102,546,96,3,2482,476
Krys-40,true,1.00,9442,639,9440,287,272654,525
Krys-41,false,0.70,22012,999,22008,999,612193,234
Krys-42,true,1.00,9936,505,9935,307,324636,1012
Krys-43,true,1.00,7657,525,7656,233,165624,535
Krys-44,true,1.00,12942,690,12938,513,348209,362
Krys-45,true,1.00,31,642,26,1,612,446
Krys-46,true,1.00,1515,657,1512,46,34101,288
Krys-47,true,1.00,17,602,15,1,329,62
Krys-48,true,1.00,11,516,8,1,207,38
Krys-49,false,0.68,12309,394,12309,394,282738,664
Krys-50,false,0.70,20570,999,20566,999,569138,376
Krys-51,true,1.00,73,648,63,2,1749,326
Krys-52,true,1.00,35,658,30,1,655,321
Krys-53,true,1.00,20,654,16,1,394,111
Krys-54,true,1.00,6074,783,6070,184,173587,334
Krys-55,true,1.00,17,640,12,1,300,114
Krys-56,true,1.00,982,490,977,30,23568,623
Krys-57,true,1.00,13764,529,13763,446,357799,793
Krys-58,true,1.00,44,572,19,1,450,117
Krys-59,true,1.00,4309,657,4291,130,88640,583
Krys-60,true,1.00,8763,533,8761,270,217239,770
Krys-61,true,1.00,12,558,8,1,183,32
Krys-62,true,1.00,12,558,8,1,173,34
Krys-63,true,1.00,27,906,21,1,468,113
Krys-64,true,1.00,19,591,12,1,314,98
Krys-65,true,1.00,39,635,9,1,217,43
Krys-66,true,1.00,8208,719,8204,248,181960,604
Krys-67,true,1.00,109,754,83,3,2312,76
Krys-68,true,1.00,9121,451,9118,351,253762,769
Krys-69,true,1.00,6355,652,6352,195,136975,658
Krys-70,false,0.80,20870,999,20861,999,552468,399
Krys-71,true,1.00,12706,641,12704,394,388951,922
Krys-72,true,1.00,38,605,17,1,313,103
Krys-73,false,0.80,24620,999,24617,999,637339,698
Krys-74,true,1.00,8857,516,8855,283,189944,314
Krys-75,true,1.00,11,556,7,1,161,26
Krys-76,true,1.00,23,609,19,1,457,215
Krys-77,true,1.00,18,563,12,1,338,169
Krys-78,true,1.00,127,545,122,4,3038,280
Krys-79,true,1.00,5772,677,5769,175,136108,539
Krys-80,true,1.00,11,572,7,1,154,30
Krys-81,false,0.72,14325,464,14325,464,379724,864
Krys-82,true,1.00,9,535,6,1,141,30
Krys-83,false,0.91,21541,999,21538,999,588432,630
Krys-84,true,1.00,7,465,4,1,92,9
Krys-85,true,1.00,25,675,21,1,533,216
Krys-86,true,1.00,15,521,10,1,211,70
Krys-87,true,1.00,102,643,97,3,1285,583
Krys-88,true,1.00,14,570,11,1,270,133
Krys-89,true,1.00,13584,714,13582,418,299861,662
Krys-90,true,1.00,9850,475,9849,330,296773,914
Krys-91,true,1.00,9,489,5,1,109,18
Krys-92,false,0.91,23402,999,23395,999,617085,758
Krys-93,true,1.00,165,504,162,5,4223,602
Krys-94,true,1.00,10,570,6,1,157,26
Krys-95,true,1.00,11093,602,11090,345,277860,703
Krys-96,true,1.00,10172,501,10171,401,338158,459
Krys-97,true,1.00,6156,591,6152,190,139475,469
Krys-98,true,1.00,18971,878,18969,601,422102,687
Krys-99,true,1.00,54,578,51,2,1063,108
Krys-100,true,1.00,13,507,10,1,283,68
