ST:2
TTFW:1.0
level,win/fail,% travelled,run time,game ticks,planning time,total plannings,nodes evaluated,most backtracked nodes
Krys-1,true,1.00,10873,445,10868,343,501653,1276
Krys-2,false,0.79,32518,999,32487,999,1530658,1373
Krys-3,true,1.00,9274,390,9252,288,416237,1297
Krys-4,true,1.00,9655,347,9638,298,420413,1155
Krys-5,true,1.00,62,312,54,2,2514,236
Krys-6,true,1.00,5634,324,5614,170,242289,1421
Krys-7,true,1.00,576,356,563,17,16611,339
Krys-8,true,1.00,1726,334,1718,52,78803,579
Krys-9,true,1.00,31,329,23,1,987,174
Krys-10,false,0.92,10068,314,10067,314,471346,1667
Krys-11,true,1.00,5350,324,5346,163,197722,662
Krys-12,true,1.00,7853,373,7824,238,369742,1402
Krys-13,true,1.00,4560,315,4555,138,202733,1165
Krys-14,false,0.79,32401,999,32401,999,1526508,1262
Krys-15,true,1.00,1561,353,1554,47,75617,841
Krys-16,false,0.69,32441,999,32413,999,1610273,1353
Krys-17,true,1.00,8083,367,8080,245,362454,1043
Krys-18,true,1.00,201,344,189,6,5060,245
Krys-19,true,1.00,3818,270,3814,116,186232,1266
Krys-20,true,1.00,3675,335,3669,111,147574,869
Krys-21,true,1.00,107,324,98,3,3496,530
Krys-22,true,1.00,31,334,23,1,1064,252
Krys-23,true,1.00,373,336,366,11,15363,482
Krys-24,true,1.00,8081,365,8076,245,369656,924
Krys-25,true,1.00,4065,409,4057,123,197331,936
Krys-26,true,1.00,62,298,55,2,2583,423
Krys-27,true,1.00,5351,311,5345,162,253513,1150
Krys-28,true,1.00,5879,322,5875,178,246660,635
Krys-29,true,1.00,5879,395,5873,178,277141,1373
Krys-30,true,1.00,8412,369,8409,256,361739,1458
Krys-31,true,1.00,143,353,135,4,5769,366
Krys-32,true,1.00,404,331,394,12,17411,433
Krys-33,true,1.00,6242,347,6237,189,269896,1087
Krys-34,true,1.00,7881,372,7873,239,389017,1082
Krys-35,true,1.00,3001,328,2994,91,146897,676
Krys-36,true,1.00,10580,376,10579,321,499902,919
Krys-37,true,1.00,63,327,56,2,2712,275
Krys-38,true,1.00,9247,373,9243,284,484005,1302
Krys-39,true,1.00,10031,373,10026,309,440078,835
Krys-40,false,0.80,9474,294,9473,294,456399,1507
Krys-41,true,1.00,7456,352,7454,227,347734,1029
Krys-42,true,1.00,34,328,24,1,1175,200
Krys-43,true,1.00,31,329,28,1,934,225
Krys-44,true,1.00,6774,358,6770,205,322832,1584
Krys-45,true,1.00,8811,361,8808,267,374770,1499
Krys-46,true,1.00,7122,377,7120,216,317663,1311
Krys-47,true,1.00,176,362,169,5,7623,332
Krys-48,true,1.00,53,311,31,1,1424,399
Krys-49,true,1.00,7332,352,7328,223,285941,1070
Krys-50,false,0.80,10028,311,10027,311,443160,969
Krys-51,true,1.00,9008,352,9006,274,428416,1128
Krys-52,true,1.00,7008,333,7005,214,308331,1155
Krys-53,true,1.00,7819,354,7813,237,336369,1254
Krys-54,false,0.80,8901,276,8884,276,430234,1090
Krys-55,true,1.00,9107,355,9101,278,424944,1078
Krys-56,false,0.59,32315,999,32277,999,1478500,1401
Krys-57,true,1.00,96,277,64,2,1905,282
Krys-58,true,1.00,6795,366,6792,207,295645,1463
Krys-59,false,0.89,32314,999,32313,999,1541463,1453
Krys-60,true,1.00,11574,407,11572,352,536856,978
Krys-61,true,1.00,7463,343,7460,227,340303,1221
Krys-62,true,1.00,8847,372,8844,271,381968,1330
Krys-63,true,1.00,7482,354,7479,232,305002,1135
Krys-64,true,1.00,3669,353,3666,115,158677,1497
Krys-65,true,1.00,5262,310,5257,163,208892,1018
Krys-66,true,1.00,7032,335,7028,213,310279,1124
Krys-67,false,0.71,7994,255,7993,255,403909,998
Krys-68,true,1.00,24,278,17,1,767,201
Krys-69,true,1.00,10168,400,10166,310,479492,1333
Krys-70,true,1.00,8880,376,8877,270,395561,1168
Krys-71,true,1.00,5477,327,5474,167,243320,1271
Krys-72,true,1.00,2843,318,2837,86,122664,563
Krys-73,true,1.00,8408,354,8405,255,398159,1482
Krys-74,true,1.00,6277,339,6273,191,253182,1134
Krys-75,true,1.00,5352,342,5344,162,229808,1390
Krys-76,true,1.00,4422,331,4415,134,207205,843
Krys-77,true,1.00,3303,310,3298,100,160346,741
Krys-78,false,0.91,32291,999,32291,999,1645142,982
Krys-79,true,1.00,9439,341,9439,286,381048,1398
Krys-80,true,1.00,2112,343,2106,64,79396,982
Krys-81,true,1.00,2744,314,2737,83,137137,1513
Krys-82,true,1.00,4461,315,4458,135,199227,1199
Krys-83,true,1.00,10583,386,10582,322,480562,1084
Krys-84,true,1.00,25,316,15,1,685,76
Krys-85,true,1.00,8188,376,8184,250,393278,1509
Krys-86,true,1.00,71,321,61,2,2697,225
Krys-87,true,1.00,7332,326,7329,222,328632,1298
Krys-88,true,1.00,7752,363,7750,235,383007,1406
Krys-89,true,1.00,4857,339,4852,148,208243,1135
Krys-90,false,0.91,8979,287,8979,287,472522,1140
Krys-91,true,1.00,32,324,25,1,998,256
Krys-92,true,1.00,9685,352,9684,294,447275,1505
Krys-93,false,0.81,8979,280,8979,280,434317,1260
Krys-94,false,0.84,8948,283,8948,283,413908,969
Krys-95,true,1.00,3339,311,3332,102,144012,1160
Krys-96,true,1.00,138,328,131,4,5799,527
Krys-97,false,0.74,7536,242,7536,242,355518,1263
Krys-98,false,0.85,11486,367,11486,367,508764,1615
Krys-99,true,1.00,3208,330,3203,97,115693,865
Krys-100,true,1.00,567,312,561,17,28552,583
