ST:8
TTFW:2.0
level,win/fail,% travelled,run time,game ticks,planning time,total plannings,nodes evaluated,most backtracked nodes
Krys-1,false,0.76,7972,398,7968,398,124301,533
Krys-2,true,1.00,3153,736,3138,94,50836,202
Krys-3,false,0.70,14877,999,14860,999,284183,542
Krys-4,true,1.00,13895,784,13884,500,241155,527
Krys-5,true,1.00,2553,661,2537,77,47229,295
Krys-6,true,1.00,15153,595,15122,467,247436,548
Krys-7,true,1.00,58,630,17,1,135,36
Krys-8,true,1.00,8137,763,8122,251,136965,535
Krys-9,true,1.00,9626,680,9612,304,159729,465
Krys-10,true,1.00,13267,722,13257,410,230158,492
Krys-11,true,1.00,183,695,134,4,2072,260
Krys-12,false,0.70,13545,999,13529,999,221019,287
Krys-13,false,0.56,6371,208,6370,208,109982,314
Krys-14,true,1.00,79,523,31,1,321,218
Krys-15,true,1.00,17865,676,17857,596,358984,267
Krys-16,true,1.00,179,884,157,4,1447,100
Krys-17,true,1.00,11988,709,11976,365,208648,490
Krys-18,true,1.00,120,723,101,3,994,92
Krys-19,true,1.00,14673,747,14664,451,232514,445
Krys-20,true,1.00,17063,864,17050,654,294216,569
Krys-21,true,1.00,43,689,25,1,338,52
Krys-22,true,1.00,17158,722,17152,522,287326,444
Krys-23,true,1.00,48,729,23,1,326,58
Krys-24,false,0.70,11103,999,11086,999,193632,471
Krys-25,false,0.18,2038,999,2017,999,38785,29
Krys-26,true,1.00,10780,449,10777,361,196718,493
Krys-27,true,1.00,19519,845,19516,650,307957,441
Krys-28,true,1.00,12179,723,12172,475,222972,279
Krys-29,true,1.00,8754,897,8735,276,164353,584
Krys-30,true,1.00,10398,697,10388,342,173119,427
Krys-31,true,1.00,668,732,649,20,11320,233
Krys-32,true,1.00,29,560,14,1,164,70
Krys-33,true,1.00,29,529,12,1,82,9
Krys-34,true,1.00,2980,818,2963,90,57605,510
Krys-35,true,1.00,4095,757,4063,125,61340,406
Krys-36,false,0.91,18870,999,18847,999,373316,408
Krys-37,true,1.00,10808,871,10799,346,207374,572
Krys-38,true,1.00,13237,632,13229,552,283395,436
Krys-39,false,0.91,20330,999,20318,999,360850,437
Krys-40,true,1.00,15433,774,15424,550,310218,591
Krys-41,false,0.70,10663,999,10638,999,207091,450
Krys-42,true,1.00,10215,559,10212,375,185459,528
Krys-43,true,1.00,12645,476,12643,394,214711,138
Krys-44,true,1.00,14316,666,14312,562,259444,431
Krys-45,true,1.00,53,715,37,1,463,300
Krys-46,true,1.00,8031,728,8017,245,136487,261
Krys-47,true,1.00,37,697,15,1,175,46
Krys-48,true,1.00,91,694,73,2,943,253
Krys-49,false,0.68,10902,353,10902,353,174066,523
Krys-50,false,0.70,13083,999,13071,999,248463,449
Krys-51,true,1.00,7697,702,7688,233,138031,480
Krys-52,true,1.00,13889,667,13879,467,235389,535
Krys-53,true,1.00,16790,724,16786,516,287509,520
Krys-54,true,1.00,14429,969,14417,582,270427,511
Krys-55,true,1.00,574,801,554,17,9191,333
Krys-56,true,1.00,6820,624,6805,208,114478,416
Krys-57,true,1.00,15652,558,15649,491,243388,482
Krys-58,true,1.00,7585,636,7574,231,126777,495
Krys-59,true,1.00,6616,695,6551,199,98978,487
Krys-60,false,0.91,23495,999,23473,999,416433,521
Krys-61,true,1.00,554,811,530,16,8702,351
Krys-62,true,1.00,81,836,67,2,868,135
Krys-63,true,1.00,20956,986,20945,690,322806,411
Krys-64,true,1.00,50,705,30,1,456,258
Krys-65,true,1.00,9935,727,9924,322,148728,425
Krys-66,true,1.00,17392,722,17375,562,300299,410
Krys-67,true,1.00,45,693,28,1,365,79
Krys-68,true,1.00,8983,450,8980,330,166158,564
Krys-69,false,0.85,11931,479,11929,479,199024,525
Krys-70,false,0.80,16122,999,16110,999,269769,533
Krys-71,true,1.00,12638,644,12627,516,253108,189
Krys-72,true,1.00,2231,715,2218,67,37488,524
Krys-73,false,0.80,21844,999,21833,999,381462,586
Krys-74,true,1.00,12413,574,12407,410,197401,17
Krys-75,true,1.00,80,770,59,2,818,121
Krys-76,true,1.00,9723,536,9717,327,155856,348
Krys-77,true,1.00,1586,681,1571,49,25659,237
Krys-78,true,1.00,10797,700,10786,348,178917,509
Krys-79,false,0.36,6705,231,6703,231,115264,451
Krys-80,true,1.00,11783,533,11751,359,186695,442
Krys-81,true,1.00,13775,869,13761,421,241914,531
Krys-82,true,1.00,7540,573,7531,229,129782,516
Krys-83,false,0.91,16189,999,16177,999,290575,495
Krys-84,true,1.00,23,537,11,1,76,10
Krys-85,true,1.00,11832,890,11817,362,215654,331
Krys-86,true,1.00,6553,596,6542,199,98263,235
Krys-87,true,1.00,115,762,93,3,1464,138
Krys-88,true,1.00,228,671,212,7,3559,457
Krys-89,false,0.78,16124,529,16123,529,259438,473
Krys-90,true,1.00,9398,525,9393,381,170684,514
Krys-91,true,1.00,22,481,7,1,78,13
Krys-92,false,0.91,20799,999,20790,999,358097,564
Krys-93,true,1.00,285,688,268,8,4416,297
Krys-94,true,1.00,35,673,19,1,214,70
Krys-95,true,1.00,7669,559,7664,252,122088,420
Krys-96,true,1.00,8573,467,8568,355,164668,451
Krys-97,false,0.68,11222,364,11222,364,187155,557
Krys-98,false,0.83,24112,797,24109,797,410052,509
Krys-99,true,1.00,326,689,310,9,4384,191
Krys-100,true,1.00,1821,551,1811,55,31892,261
