ST:10
TTFW:2.0
level,win/fail,% travelled,run time,game ticks,planning time,total plannings,nodes evaluated,most backtracked nodes
Krys-1,false,0.75,10633,530,10630,530,144117,543
Krys-2,true,1.00,11200,835,11195,366,212866,549
Krys-3,false,0.70,15715,999,15696,999,327675,289
Krys-4,true,1.00,17497,845,17463,611,310585,544
Krys-5,true,1.00,21037,892,21036,676,436255,735
Krys-6,false,0.77,16677,724,16675,724,287283,527
Krys-7,true,1.00,531,832,526,16,9411,361
Krys-8,false,0.96,23198,888,23196,888,400478,515
Krys-9,true,1.00,13206,926,13167,437,249899,583
Krys-10,false,0.91,28036,994,28022,994,513410,539
Krys-11,true,1.00,164,814,158,5,2656,249
Krys-12,false,0.61,10247,999,10242,999,149721,427
Krys-13,false,0.68,16514,565,16514,565,299115,482
Krys-14,true,1.00,231,773,225,7,4052,370
Krys-15,false,0.80,11246,516,11245,516,216832,34
Krys-16,true,1.00,1653,968,1647,50,26352,467
Krys-17,true,1.00,14869,821,14865,455,266678,480
Krys-18,false,0.63,12085,399,12085,399,244397,489
Krys-19,true,1.00,16698,981,16692,515,285701,624
Krys-20,false,0.96,19629,999,19622,999,352656,510
Krys-21,true,1.00,1058,775,1053,32,19683,397
Krys-22,true,1.00,15562,642,15560,596,272132,575
Krys-23,true,1.00,21685,895,21683,769,387306,510
Krys-24,false,0.70,20932,999,20929,999,341699,496
Krys-25,false,0.18,4343,999,4339,999,89107,72
Krys-26,true,1.00,11988,495,11986,464,239041,548
Krys-27,false,0.79,14704,531,14702,531,221535,410
Krys-28,false,0.72,17719,625,17718,625,324059,432
Krys-29,true,1.00,9569,810,9565,296,184324,356
Krys-30,true,1.00,8086,816,8082,287,131164,160
Krys-31,true,1.00,20878,884,20874,863,398976,516
Krys-32,true,1.00,24,815,18,1,304,123
Krys-33,false,0.96,22736,757,22730,757,379517,347
Krys-34,true,1.00,27589,998,27588,930,523698,623
Krys-35,false,0.61,8591,321,8591,321,139626,458
Krys-36,false,0.91,15605,999,15599,999,305583,324
Krys-37,true,1.00,17394,817,17393,673,366794,622
Krys-38,false,0.80,10671,411,10671,411,236359,428
Krys-39,false,0.65,7994,351,7994,351,146441,361
Krys-40,false,0.80,17694,623,17694,623,382480,616
Krys-41,false,0.70,13460,999,13458,999,274357,187
Krys-42,false,0.79,14415,543,14415,543,237983,397
Krys-43,false,0.87,18762,671,18761,671,326071,575
Krys-44,false,0.75,12737,538,12736,538,245216,201
Krys-45,true,1.00,25337,982,25335,780,430007,497
Krys-46,true,1.00,7220,826,7216,220,122820,464
Krys-47,true,1.00,21036,714,21034,684,389416,565
Krys-48,true,1.00,9121,627,9118,285,185657,624
Krys-49,false,0.68,16732,542,16732,542,273727,240
Krys-50,false,0.70,14905,999,14900,999,299178,553
Krys-51,false,0.91,25067,878,25065,878,473865,576
Krys-52,false,0.96,23721,878,23718,878,427176,607
Krys-53,false,0.96,26511,894,26507,894,488755,589
Krys-54,false,0.41,14698,999,14691,999,267011,327
Krys-55,true,1.00,18509,753,18507,667,333604,624
Krys-56,false,0.35,5689,200,5689,200,105363,566
Krys-57,false,0.90,23406,768,23401,768,393632,526
Krys-58,true,1.00,6567,847,6562,203,114060,525
Krys-59,true,1.00,18762,912,18747,626,315444,555
Krys-60,false,0.91,21051,999,21049,999,389419,438
Krys-61,true,1.00,5313,805,5308,166,92055,424
Krys-62,true,1.00,3290,766,3286,100,51272,469
Krys-63,false,0.90,24396,999,24391,999,398540,416
Krys-64,true,1.00,49,822,44,2,765,383
Krys-65,true,1.00,14576,766,14575,482,227461,315
Krys-66,false,0.83,24776,805,24776,805,447139,494
Krys-67,true,1.00,88,759,82,3,1421,131
Krys-68,false,0.96,11300,508,11300,508,226001,441
Krys-69,false,0.79,21435,741,21435,741,353704,491
Krys-70,false,0.37,20581,999,20576,999,351648,482
Krys-71,false,0.96,16963,698,16960,698,348209,579
Krys-72,false,0.96,25128,880,25127,880,461635,522
Krys-73,false,0.56,16087,516,16086,516,262502,385
Krys-74,true,1.00,13268,698,13264,532,216161,82
Krys-75,true,1.00,48,768,42,2,664,71
Krys-76,true,1.00,12938,628,12935,454,219456,229
Krys-77,true,1.00,7314,688,7311,222,129123,572
Krys-78,false,0.37,22538,999,22532,999,420639,356
Krys-79,true,1.00,18825,819,18823,593,327091,367
Krys-80,false,0.70,28306,999,28291,999,477455,469
Krys-81,false,0.39,6273,223,6273,223,109041,160
Krys-82,true,1.00,56,828,50,2,822,196
Krys-83,false,0.91,15939,999,15930,999,317131,210
Krys-84,true,1.00,11,577,7,1,135,55
Krys-85,true,1.00,18958,923,18954,747,339403,577
Krys-86,true,1.00,23102,896,23101,702,349656,503
Krys-87,true,1.00,13663,673,13661,419,230325,499
Krys-88,true,1.00,27227,950,27227,919,481166,548
Krys-89,false,0.78,18241,639,18241,639,314267,519
Krys-90,false,0.91,12499,473,12499,473,251479,617
Krys-91,true,1.00,25,939,20,1,278,133
Krys-92,false,0.70,18102,610,18100,610,350330,681
Krys-93,true,1.00,16281,716,16279,547,297537,614
Krys-94,true,1.00,18067,784,18066,588,343982,663
Krys-95,true,1.00,17316,851,17311,582,294715,495
Krys-96,false,0.78,13155,501,13155,501,211973,196
Krys-97,false,0.69,14752,483,14752,483,237921,521
Krys-98,false,0.83,23719,974,23713,974,407320,490
Krys-99,true,1.00,11598,892,11594,356,174724,432
Krys-100,true,1.00,17990,975,17985,633,361800,570
