ST:9
TTFW:1.0
level,win/fail,% travelled,run time,game ticks,planning time,total plannings,nodes evaluated,most backtracked nodes
Krys-1,true,1.00,15915,946,15900,786,226829,341
Krys-2,true,1.00,9498,586,9491,333,131711,405
Krys-3,false,0.70,15558,999,15524,999,254901,480
Krys-4,true,1.00,17715,703,17680,609,256064,441
Krys-5,true,1.00,15584,699,15572,485,249641,445
Krys-6,true,1.00,14051,972,14023,457,199987,463
Krys-7,true,1.00,591,618,573,17,7880,365
Krys-8,true,1.00,20078,734,20074,669,294636,383
Krys-9,true,1.00,8199,717,8187,248,127761,454
Krys-10,true,1.00,9951,650,9912,316,149281,467
Krys-11,true,1.00,1831,801,1799,54,24646,366
Krys-12,false,0.61,25594,999,25583,999,343574,217
Krys-13,false,0.55,7266,260,7262,260,107406,29
Krys-14,true,1.00,201,698,135,4,1890,332
Krys-15,true,1.00,14044,626,14031,605,231807,454
Krys-16,true,1.00,3419,868,3400,103,47178,372
Krys-17,true,1.00,19272,924,19260,634,287535,469
Krys-18,true,1.00,24682,865,24678,844,386015,492
Krys-19,true,1.00,24992,994,24986,776,355754,485
Krys-20,true,1.00,15785,911,15775,616,223878,413
Krys-21,true,1.00,254,810,236,7,3553,253
Krys-22,true,1.00,3921,630,3905,119,55350,426
Krys-23,true,1.00,18153,862,18147,612,258326,407
Krys-24,false,0.70,18377,999,18365,999,260083,430
Krys-25,false,0.18,3288,999,3255,999,56142,21
Krys-26,true,1.00,15914,643,15908,537,255509,344
Krys-27,true,1.00,15980,798,15971,627,214781,321
Krys-28,true,1.00,14984,720,14974,560,213349,406
Krys-29,true,1.00,11876,838,11865,371,190153,475
Krys-30,true,1.00,10980,877,10967,390,151793,244
Krys-31,true,1.00,19230,722,19227,661,297710,418
Krys-32,true,1.00,39,711,23,1,197,79
Krys-33,true,1.00,20107,684,20105,632,282416,185
Krys-34,true,1.00,18587,777,18580,608,303496,450
Krys-35,true,1.00,16547,869,16534,511,235303,441
Krys-36,false,0.82,24270,999,24263,999,392333,485
Krys-37,true,1.00,20329,830,20324,669,336180,528
Krys-38,false,0.80,22450,996,22437,996,396585,452
Krys-39,false,0.91,14508,557,14505,557,223770,445
Krys-40,true,1.00,15345,715,15339,668,283602,484
Krys-41,false,0.70,12372,999,12345,999,188552,466
Krys-42,true,1.00,17780,668,17773,616,256404,421
Krys-43,false,0.87,12962,421,12960,421,183036,62
Krys-44,false,0.75,13219,454,13217,454,209593,454
Krys-45,true,1.00,3573,699,3553,108,51100,235
Krys-46,true,1.00,382,783,364,11,4979,248
Krys-47,true,1.00,21065,898,21060,684,315052,446
Krys-48,true,1.00,93,549,77,3,1141,30
Krys-49,false,0.68,19505,613,19505,613,268871,249
Krys-50,false,0.70,12689,999,12674,999,205244,353
Krys-51,true,1.00,19210,712,19208,597,299977,448
Krys-52,true,1.00,12666,917,12648,478,170385,398
Krys-53,true,1.00,19086,747,19084,610,283266,424
Krys-54,true,1.00,13461,885,13444,770,215805,492
Krys-55,true,1.00,18563,902,18553,625,282746,471
Krys-56,false,0.37,6249,229,6249,229,95982,36
Krys-57,true,1.00,15487,631,15482,525,218038,422
Krys-58,true,1.00,14725,914,14714,456,210983,453
Krys-59,true,1.00,10019,813,9995,311,135198,442
Krys-60,false,0.91,22183,757,22181,757,339014,451
Krys-61,true,1.00,14749,752,14739,454,208747,466
Krys-62,true,1.00,6592,706,6579,201,90440,203
Krys-63,false,0.92,27059,954,27048,954,375167,287
Krys-64,true,1.00,3482,870,3457,111,52222,351
Krys-65,true,1.00,15483,774,15473,469,199915,440
Krys-66,true,1.00,16091,639,16088,542,229102,476
Krys-67,true,1.00,2849,750,2835,86,42782,225
Krys-68,true,1.00,12641,560,12637,539,205020,490
Krys-69,true,1.00,13315,742,13307,618,177651,380
Krys-70,false,0.71,15954,999,15939,999,225123,464
Krys-71,false,0.81,11649,570,11647,570,188332,474
Krys-72,true,1.00,193,871,172,5,2372,115
Krys-73,false,0.57,9414,324,9414,324,134553,430
Krys-74,true,1.00,15446,681,15442,512,214641,40
Krys-75,true,1.00,2535,678,2519,77,33308,375
Krys-76,false,0.70,14247,516,14246,516,205407,352
Krys-77,true,1.00,1040,695,1027,31,14672,296
Krys-78,false,0.70,19920,999,19905,999,297888,459
Krys-79,false,0.36,6305,207,6305,207,91989,459
Krys-80,false,0.70,29667,999,29664,999,421329,379
Krys-81,false,0.70,20431,645,20430,645,308573,455
Krys-82,true,1.00,53,633,38,1,463,367
Krys-83,false,0.34,5844,199,5844,199,86456,54
Krys-84,true,1.00,35,647,22,1,196,78
Krys-85,true,1.00,16852,779,16847,628,255694,414
Krys-86,true,1.00,8373,596,8362,260,110569,176
Krys-87,true,1.00,2093,795,2071,63,29688,211
Krys-88,true,1.00,19390,794,19385,598,288094,474
Krys-89,true,1.00,17227,670,17223,562,246529,431
Krys-90,false,0.81,11042,418,11039,418,178432,480
Krys-91,true,1.00,1076,697,1005,31,12647,110
Krys-92,false,0.70,15263,528,15260,528,232577,491
Krys-93,true,1.00,14982,689,14974,489,223196,448
Krys-94,true,1.00,14726,823,14717,483,225874,387
Krys-95,true,1.00,7498,731,7484,235,104697,469
Krys-96,false,0.78,13621,544,13618,544,206477,344
Krys-97,true,1.00,10142,549,10138,344,139503,378
Krys-98,false,0.84,21206,789,21200,789,311988,433
Krys-99,true,1.00,5225,735,5211,158,73539,176
Krys-100,true,1.00,115,734,96,3,1461,126
