ST:6
TTFW:2.0
level,win/fail,% travelled,run time,game ticks,planning time,total plannings,nodes evaluated,most backtracked nodes
Krys-1,true,1.00,46,639,30,1,478,110
Krys-2,true,1.00,8325,499,8290,252,208225,775
Krys-3,false,0.70,28897,999,28880,999,864353,623
Krys-4,true,1.00,66,581,32,1,896,260
Krys-5,true,1.00,14,448,5,1,130,17
Krys-6,true,1.00,5373,573,5343,161,151253,896
Krys-7,true,1.00,41,478,5,1,142,25
Krys-8,true,1.00,231,646,205,6,3356,237
Krys-9,true,1.00,43,481,36,1,560,326
Krys-10,true,1.00,143,666,112,3,2071,342
Krys-11,true,1.00,11,539,6,1,141,25
Krys-12,false,0.70,28176,999,28171,999,896742,555
Krys-13,true,1.00,21,473,17,1,287,83
Krys-14,true,1.00,9237,500,9235,280,210573,605
Krys-15,true,1.00,295,619,291,9,9663,399
Krys-16,true,1.00,8820,603,8817,281,215860,595
Krys-17,true,1.00,129,668,121,4,2389,432
Krys-18,true,1.00,112,623,107,3,1683,297
Krys-19,true,1.00,31,515,26,1,601,232
Krys-20,true,1.00,13971,799,13954,423,441436,855
Krys-21,true,1.00,16,513,12,1,414,168
Krys-22,true,1.00,19,509,14,1,419,176
Krys-23,true,1.00,18,671,13,1,418,103
Krys-24,false,0.70,28135,999,28131,999,918092,915
Krys-25,false,0.18,27018,999,26998,999,918502,58
Krys-26,true,1.00,15,557,13,1,518,143
Krys-27,true,1.00,20,470,17,1,479,161
Krys-28,true,1.00,4328,747,4322,131,155311,357
Krys-29,true,1.00,3459,661,3455,105,106587,337
Krys-30,true,1.00,37,641,27,1,705,305
Krys-31,true,1.00,29,561,25,1,740,320
Krys-32,true,1.00,12,581,9,1,225,44
Krys-33,true,1.00,26,509,6,1,159,36
Krys-34,true,1.00,27,632,14,1,464,137
Krys-35,true,1.00,56,512,51,2,840,223
Krys-36,false,0.91,28094,999,28067,999,940232,801
Krys-37,true,1.00,23,665,19,1,696,153
Krys-38,true,1.00,17,671,14,1,446,87
Krys-39,true,1.00,33,551,28,1,911,711
Krys-40,true,1.00,5678,517,5676,172,196510,838
Krys-41,false,0.70,29515,999,29510,999,954487,224
Krys-42,true,1.00,15,623,11,1,379,173
Krys-43,true,1.00,9707,463,9705,297,258256,640
Krys-44,true,1.00,31,749,26,1,806,202
Krys-45,true,1.00,16,677,12,1,301,85
Krys-46,true,1.00,29,647,25,1,761,360
Krys-47,true,1.00,15,665,11,1,290,77
Krys-48,true,1.00,13,527,9,1,319,106
Krys-49,true,1.00,84,655,80,3,2358,189
Krys-50,false,0.70,30366,999,30365,999,988157,655
Krys-51,true,1.00,17,509,14,1,455,130
Krys-52,true,1.00,65,676,60,2,1619,231
Krys-53,true,1.00,19,659,15,1,426,90
Krys-54,true,1.00,8607,679,8604,261,296780,951
Krys-55,true,1.00,23,695,18,1,565,202
Krys-56,true,1.00,5051,525,5048,153,140287,862
Krys-57,true,1.00,10,431,7,1,211,52
Krys-58,true,1.00,21,701,16,1,443,119
Krys-59,true,1.00,9235,558,9218,284,234998,876
Krys-60,false,0.91,30292,999,30284,999,978260,481
Krys-61,true,1.00,20,487,17,1,535,204
Krys-62,true,1.00,24,593,18,1,425,240
Krys-63,true,1.00,491,793,485,15,15277,167
Krys-64,true,1.00,19,677,10,1,336,67
Krys-65,true,1.00,4131,573,4127,125,120568,200
Krys-66,true,1.00,32,671,28,1,632,159
Krys-67,true,1.00,27,761,22,1,575,167
Krys-68,true,1.00,10,449,8,1,172,34
Krys-69,true,1.00,6078,678,6074,182,136114,740
Krys-70,false,0.80,29657,999,29648,999,877040,1278
Krys-71,true,1.00,3958,466,3956,120,157249,585
Krys-72,true,1.00,26,671,21,1,558,101
Krys-73,false,0.80,29965,999,29958,999,903929,786
Krys-74,true,1.00,14,503,7,1,225,83
Krys-75,true,1.00,12,611,8,1,213,44
Krys-76,true,1.00,26,539,22,1,664,355
Krys-77,true,1.00,26,563,7,1,191,21
Krys-78,true,1.00,12078,681,12076,383,361619,960
Krys-79,true,1.00,25,605,16,1,387,224
Krys-80,true,1.00,15,607,10,1,221,60
Krys-81,true,1.00,26,653,22,1,716,283
Krys-82,true,1.00,16,477,13,1,334,236
Krys-83,false,0.91,29016,999,29011,999,937090,673
Krys-84,true,1.00,9,545,6,1,163,28
Krys-85,true,1.00,23,713,19,1,525,145
Krys-86,true,1.00,11,593,7,1,189,27
Krys-87,true,1.00,10,431,7,1,165,85
Krys-88,true,1.00,14,550,11,1,353,137
Krys-89,true,1.00,28,599,24,1,655,212
Krys-90,true,1.00,21,479,18,1,667,133
Krys-91,true,1.00,9,473,5,1,145,17
Krys-92,false,0.91,30356,999,30336,999,916403,938
Krys-93,true,1.00,17,512,13,1,419,166
Krys-94,true,1.00,19,545,16,1,559,251
Krys-95,true,1.00,35,581,31,1,1031,618
Krys-96,true,1.00,20,539,12,1,481,106
Krys-97,true,1.00,168,535,165,5,4933,631
Krys-98,true,1.00,2578,794,2573,81,71162,624
Krys-99,true,1.00,22,599,18,1,419,136
Krys-100,true,1.00,13,455,11,1,357,82
