ST:10
TTFW:1.0
level,win/fail,% travelled,run time,game ticks,planning time,total plannings,nodes evaluated,most backtracked nodes
patternCount-1,false,0.77,14802,580,14798,580,244175,438
patternCount-2,true,1.00,889,596,862,193,8064,45
patternCount-3,true,1.00,12334,720,12323,696,207874,480
patternCount-4,true,1.00,3128,805,3110,277,52449,165
patternCount-5,true,1.00,64,785,43,19,640,195
patternCount-6,true,1.00,42,833,27,1,232,40
patternCount-7,true,1.00,8821,640,8811,395,141893,175
patternCount-8,true,1.00,12748,596,12745,567,209389,449
patternCount-9,true,1.00,1611,544,1596,167,29476,195
patternCount-10,true,1.00,6954,529,6948,253,123738,113
patternCount-11,false,0.84,16148,652,16141,652,259391,245
patternCount-12,true,1.00,192,667,178,25,2999,422
patternCount-13,true,1.00,36,423,23,4,300,196
patternCount-14,true,1.00,505,655,487,64,8587,53
patternCount-15,true,1.00,2800,583,2765,169,46253,73
patternCount-16,true,1.00,2315,644,2298,184,40455,104
patternCount-17,true,1.00,132,739,114,3,1029,335
patternCount-18,true,1.00,34,695,17,1,205,124
patternCount-19,true,1.00,643,628,629,79,11513,225
patternCount-20,true,1.00,2269,608,2251,114,36924,138
patternCount-21,true,1.00,1669,766,1653,52,26325,426
patternCount-22,true,1.00,12817,831,12801,749,192126,395
patternCount-23,false,0.82,12409,558,12405,558,216659,531
patternCount-24,false,0.91,10783,768,10766,768,192625,373
patternCount-25,true,1.00,23,477,9,1,90,23
patternCount-26,true,1.00,740,515,729,127,13479,18
patternCount-27,true,1.00,7925,445,7922,359,128546,463
patternCount-28,true,1.00,449,694,433,78,8140,105
patternCount-29,true,1.00,5339,500,5328,230,88039,140
patternCount-30,true,1.00,504,870,468,14,7312,191
patternCount-31,true,1.00,5613,467,5606,182,92152,95
patternCount-32,true,1.00,1337,444,1327,288,25185,127
patternCount-33,true,1.00,8517,663,8505,560,159568,479
patternCount-34,true,1.00,4304,621,4291,591,82591,426
patternCount-35,true,1.00,7064,750,7048,363,126013,168
patternCount-36,true,1.00,4612,430,4606,204,80601,219
patternCount-37,true,1.00,1929,382,1922,144,34555,412
patternCount-38,true,1.00,1250,398,1240,341,24484,85
patternCount-39,true,1.00,39,555,27,1,351,169
patternCount-40,false,0.70,10730,567,10720,567,184232,115
patternCount-41,true,1.00,15686,736,15679,553,268634,429
patternCount-42,true,1.00,4980,633,4968,201,82929,449
patternCount-43,true,1.00,3016,722,2998,134,51122,195
patternCount-44,true,1.00,3488,564,3480,121,58436,210
patternCount-45,true,1.00,5367,646,5354,317,96333,401
patternCount-46,true,1.00,11594,988,11572,664,220192,360
patternCount-47,true,1.00,2988,725,2968,370,55486,160
patternCount-48,true,1.00,56,723,40,1,485,214
patternCount-49,true,1.00,2490,875,2469,139,46035,165
patternCount-50,false,0.92,13283,712,13275,712,202884,374
patternCount-51,true,1.00,213,566,202,121,3699,298
patternCount-52,true,1.00,7354,604,7344,330,125859,62
patternCount-53,false,0.93,10959,730,10944,730,181899,492
patternCount-54,true,1.00,9337,645,9329,417,157431,139
patternCount-55,false,0.58,8367,339,8361,339,136689,309
patternCount-56,true,1.00,46,613,27,9,352,46
patternCount-57,true,1.00,44,564,31,1,451,351
patternCount-58,false,0.67,18044,604,18044,604,302163,224
patternCount-59,true,1.00,7463,809,7443,399,134418,293
patternCount-60,true,1.00,998,566,986,185,19458,88
patternCount-61,true,1.00,2722,584,2705,310,51402,291
patternCount-62,true,1.00,1899,526,1890,91,32785,321
patternCount-63,true,1.00,3913,818,3899,122,67443,140
patternCount-64,true,1.00,5604,642,5593,208,92757,481
patternCount-65,true,1.00,25,570,11,1,93,6
patternCount-66,true,1.00,7815,678,7807,395,139992,167
patternCount-67,false,0.42,8399,314,8399,314,126469,456
patternCount-68,true,1.00,9301,629,9293,317,155753,303
patternCount-69,true,1.00,32,747,17,1,134,26
patternCount-70,true,1.00,6429,644,6411,215,106509,512
patternCount-71,true,1.00,1281,647,1264,179,23833,131
patternCount-72,true,1.00,19411,773,19401,752,317055,468
patternCount-73,true,1.00,17432,841,17425,749,284209,295
patternCount-74,false,0.56,7471,362,7466,362,124310,507
patternCount-75,true,1.00,3925,450,3917,198,57968,348
patternCount-76,true,1.00,40,780,28,1,228,62
patternCount-77,true,1.00,56,962,30,4,406,172
patternCount-78,true,1.00,2477,891,2452,177,40213,205
patternCount-79,false,0.82,17503,664,17498,664,256955,245
patternCount-80,true,1.00,20650,854,20642,829,346283,487
patternCount-81,true,1.00,995,569,980,78,16218,99
patternCount-82,true,1.00,29,666,13,1,111,15
patternCount-83,true,1.00,275,680,260,155,4879,153
patternCount-84,true,1.00,32,634,16,1,157,34
patternCount-85,true,1.00,4797,814,4780,188,70959,151
patternCount-86,true,1.00,2195,679,2179,66,33375,229
patternCount-87,true,1.00,8244,937,8221,352,132154,129
patternCount-88,true,1.00,3019,823,3002,104,53971,280
patternCount-89,true,1.00,7984,745,7965,409,125335,142
patternCount-90,true,1.00,10486,796,10475,348,166000,537
patternCount-91,true,1.00,13380,840,13366,708,230625,542
patternCount-92,true,1.00,15067,676,15062,488,219636,234
patternCount-93,false,0.81,12533,714,12511,714,219260,534
patternCount-94,true,1.00,1468,557,1458,253,26198,102
patternCount-95,true,1.00,2779,542,2766,282,47212,95
patternCount-96,true,1.00,3826,897,3806,500,73711,331
patternCount-97,true,1.00,16547,730,16538,518,264739,321
patternCount-98,false,0.05,18,58,16,58,345,3
patternCount-99,true,1.00,2015,546,2000,196,36970,233
patternCount-100,true,1.00,5544,733,5527,331,97148,278
