ST:8
TTFW:1.0
level,win/fail,% travelled,run time,game ticks,planning time,total plannings,nodes evaluated,most backtracked nodes
Krys-1,true,1.00,9666,844,9656,596,200145,566
Krys-2,true,1.00,772,721,764,23,15335,341
Krys-3,false,0.70,12950,999,12941,999,322394,670
Krys-4,true,1.00,13910,768,13892,500,290261,503
Krys-5,true,1.00,2170,658,2164,66,48798,355
Krys-6,true,1.00,14569,574,14555,446,290564,401
Krys-7,true,1.00,13,561,8,1,175,71
Krys-8,true,1.00,171,669,166,5,2563,179
Krys-9,true,1.00,9270,608,9268,293,193502,527
Krys-10,true,1.00,5976,679,5973,185,127393,618
Krys-11,true,1.00,253,691,247,8,4638,219
Krys-12,false,0.70,14330,999,14311,999,292680,426
Krys-13,false,0.56,6374,208,6370,208,135866,234
Krys-14,true,1.00,45,523,7,1,129,38
Krys-15,true,1.00,17560,668,17559,588,448140,471
Krys-16,true,1.00,3917,857,3911,119,79353,516
Krys-17,true,1.00,12036,710,12033,366,259325,619
Krys-18,true,1.00,102,715,97,3,1247,259
Krys-19,true,1.00,12972,635,12970,403,247101,564
Krys-20,true,1.00,17928,853,17924,651,392972,709
Krys-21,true,1.00,71,522,43,2,590,114
Krys-22,true,1.00,15895,753,15853,505,326448,575
Krys-23,true,1.00,59,713,24,1,362,68
Krys-24,false,0.70,10910,999,10903,999,227498,680
Krys-25,false,0.18,6240,999,6232,999,153024,36
Krys-26,true,1.00,9487,446,9483,350,214955,552
Krys-27,true,1.00,13879,677,13876,482,262023,597
Krys-28,true,1.00,14576,771,14550,507,317837,536
Krys-29,true,1.00,9579,976,9574,291,210266,645
Krys-30,true,1.00,8125,721,8122,262,162931,258
Krys-31,true,1.00,561,769,556,17,11870,216
Krys-32,true,1.00,12,600,7,1,136,34
Krys-33,true,1.00,8,529,4,1,83,9
Krys-34,true,1.00,47,693,42,2,981,32
Krys-35,true,1.00,12643,671,12641,415,246643,556
Krys-36,false,0.91,14674,999,14666,999,347298,622
Krys-37,true,1.00,13119,814,13117,433,312305,611
Krys-38,true,1.00,13877,655,13872,575,371181,736
Krys-39,false,0.91,20271,999,20266,999,440605,632
Krys-40,true,1.00,15399,774,15396,550,382624,724
Krys-41,false,0.70,9797,999,9793,999,236511,391
Krys-42,true,1.00,11003,537,11002,377,240583,637
Krys-43,true,1.00,12379,468,12378,386,246232,394
Krys-44,true,1.00,14269,666,14266,562,319053,493
Krys-45,true,1.00,24,715,18,1,332,157
Krys-46,true,1.00,7842,723,7840,240,163706,219
Krys-47,true,1.00,32,793,27,1,540,354
Krys-48,true,1.00,51,572,47,2,1054,292
Krys-49,false,0.68,11617,379,11617,379,225823,558
Krys-50,false,0.70,13963,999,13954,999,317272,362
Krys-51,true,1.00,12102,707,12100,395,264227,643
Krys-52,true,1.00,14602,740,14600,511,294227,602
Krys-53,true,1.00,17153,740,17151,532,349497,582
Krys-54,true,1.00,12683,911,12680,548,288520,683
Krys-55,true,1.00,1387,810,1381,42,27738,452
Krys-56,true,1.00,5712,639,5707,175,120569,473
Krys-57,true,1.00,17826,627,17826,560,323329,545
Krys-58,true,1.00,11084,802,11065,341,216860,562
Krys-59,true,1.00,5582,601,5567,169,96595,497
Krys-60,true,1.00,17865,810,17862,556,373186,602
Krys-61,true,1.00,16,571,12,1,218,63
Krys-62,true,1.00,3423,724,3418,106,61948,411
Krys-63,true,1.00,15156,929,15150,537,277719,512
Krys-64,true,1.00,228,799,222,7,4694,149
Krys-65,true,1.00,12323,803,12320,374,216245,601
Krys-66,true,1.00,23127,971,23126,795,492426,534
Krys-67,true,1.00,392,712,386,12,7986,261
Krys-68,true,1.00,8970,450,8969,330,198971,241
Krys-69,false,0.85,12111,488,12110,488,232509,618
Krys-70,false,0.80,15553,999,15544,999,318984,660
Krys-71,true,1.00,11188,604,11186,476,272007,645
Krys-72,true,1.00,4265,922,4260,130,85555,618
Krys-73,false,0.80,18549,999,18548,999,388984,495
Krys-74,true,1.00,12402,574,12400,410,231682,24
Krys-75,true,1.00,55,770,49,2,849,109
Krys-76,true,1.00,9857,545,9854,336,197439,455
Krys-77,true,1.00,368,675,364,11,6484,403
Krys-78,true,1.00,7226,623,7224,252,144311,551
Krys-79,false,0.36,6702,231,6702,231,136706,345
Krys-80,true,1.00,11695,573,11693,359,228635,512
Krys-81,true,1.00,20278,900,20276,628,430514,652
Krys-82,true,1.00,7530,573,7527,229,151409,524
Krys-83,false,0.91,14494,999,14480,999,319989,594
Krys-84,true,1.00,9,537,4,1,77,11
Krys-85,true,1.00,12475,924,12472,380,268134,542
Krys-86,true,1.00,6280,588,6277,191,109836,222
Krys-87,true,1.00,131,659,126,4,2340,299
Krys-88,true,1.00,381,668,376,12,7588,193
Krys-89,false,0.78,12497,421,12496,421,242117,516
Krys-90,true,1.00,9151,598,9149,342,202993,675
Krys-91,true,1.00,8,489,4,1,81,12
Krys-92,false,0.91,18035,999,18033,999,384067,648
Krys-93,true,1.00,5938,588,5935,180,121637,602
Krys-94,true,1.00,17,673,12,1,260,95
Krys-95,true,1.00,7776,498,7774,255,148673,401
Krys-96,true,1.00,8547,467,8545,355,195761,617
Krys-97,false,0.68,13102,421,13102,421,254755,514
Krys-98,false,0.83,25002,876,24999,876,507161,626
Krys-99,true,1.00,200,766,194,6,3106,206
Krys-100,true,1.00,2608,719,2604,79,56441,471
