ST:1
TTFW:1.0
level,win/fail,% travelled,run time,game ticks,planning time,total plannings,nodes evaluated,most backtracked nodes
patternCount-1,false,0.94,9333,294,9333,294,1278790,4137
patternCount-2,true,1.00,2424,310,2422,73,316988,1665
patternCount-3,true,1.00,8722,310,8720,257,967734,3428
patternCount-4,true,1.00,4227,314,4226,125,531285,2460
patternCount-5,true,1.00,541,318,540,16,75897,3316
patternCount-6,true,1.00,25,308,23,1,3011,545
patternCount-7,true,1.00,198,308,196,6,25596,1987
patternCount-8,true,1.00,8029,313,8028,239,1095413,3238
patternCount-9,true,1.00,4199,308,4197,126,570352,4294
patternCount-10,true,1.00,20,304,18,1,2307,714
patternCount-11,true,1.00,7686,311,7684,228,804106,2967
patternCount-12,true,1.00,5152,316,5149,155,716323,4391
patternCount-13,true,1.00,18,304,16,1,2133,302
patternCount-14,true,1.00,53,302,51,2,6721,1704
patternCount-15,true,1.00,3040,310,3039,91,391070,4407
patternCount-16,true,1.00,5821,313,5820,175,806591,4670
patternCount-17,true,1.00,3350,306,3348,99,424311,2441
patternCount-18,true,1.00,593,313,590,18,81168,2898
patternCount-19,true,1.00,70,302,68,2,5410,506
patternCount-20,true,1.00,30,304,28,1,3373,894
patternCount-21,true,1.00,6818,315,6816,203,864244,4357
patternCount-22,true,1.00,1230,318,1228,37,159596,3451
patternCount-23,false,0.89,9123,287,9122,287,1343098,4380
patternCount-24,true,1.00,8561,314,8561,254,1258915,5121
patternCount-25,true,1.00,100,316,98,3,14417,2481
patternCount-26,true,1.00,116,306,114,3,11217,1840
patternCount-27,true,1.00,94,306,91,3,10800,1104
patternCount-28,true,1.00,27,314,25,1,3301,573
patternCount-29,true,1.00,2628,307,2627,79,335881,4059
patternCount-30,true,1.00,232,310,230,7,28985,1256
patternCount-31,true,1.00,52,306,49,2,6309,703
patternCount-32,true,1.00,32,302,24,1,2777,303
patternCount-33,true,1.00,6520,312,6518,195,719369,3173
patternCount-34,true,1.00,1603,318,1601,48,211288,3574
patternCount-35,true,1.00,3101,316,3099,92,398104,3691
patternCount-36,true,1.00,1696,306,1694,50,211460,3178
patternCount-37,true,1.00,25,302,23,1,3249,1113
patternCount-38,true,1.00,8934,318,8933,264,964100,1808
patternCount-39,true,1.00,15,302,13,1,1720,82
patternCount-40,true,1.00,7629,316,7626,226,892615,3476
patternCount-41,true,1.00,17,306,15,1,2258,678
patternCount-42,true,1.00,26,304,23,1,3352,1076
patternCount-43,true,1.00,1455,304,1454,43,184025,1765
patternCount-44,true,1.00,20,304,18,1,2419,302
patternCount-45,true,1.00,5840,312,5836,169,700997,3949
patternCount-46,true,1.00,122,304,119,4,9884,859
patternCount-47,true,1.00,4598,314,4595,134,543509,4210
patternCount-48,true,1.00,3235,310,3233,97,449082,2663
patternCount-49,true,1.00,24,306,22,1,2848,272
patternCount-50,true,1.00,6067,317,6065,178,816127,2778
patternCount-51,true,1.00,32,304,30,1,3532,401
patternCount-52,true,1.00,29,304,26,1,3065,1063
patternCount-53,true,1.00,2111,312,2110,63,257725,2067
patternCount-54,true,1.00,4066,326,4064,121,556368,4231
patternCount-55,true,1.00,7571,322,7567,226,1107410,2752
patternCount-56,true,1.00,1585,311,1584,48,186338,904
patternCount-57,true,1.00,29,308,27,1,3671,953
patternCount-58,false,0.85,8829,277,8828,277,1019583,3642
patternCount-59,true,1.00,4172,314,4171,125,541425,1799
patternCount-60,true,1.00,152,306,150,5,17151,1243
patternCount-61,true,1.00,28,304,21,1,2548,546
patternCount-62,true,1.00,1951,304,1949,59,265781,1581
patternCount-63,true,1.00,157,308,155,5,21792,554
patternCount-64,true,1.00,22,304,20,1,2621,644
patternCount-65,true,1.00,1253,308,1251,37,149323,740
patternCount-66,true,1.00,164,312,162,5,21536,850
patternCount-67,true,1.00,291,310,289,9,42007,2150
patternCount-68,true,1.00,2400,318,2398,71,319591,3595
patternCount-69,true,1.00,8055,312,8054,240,1056002,4293
patternCount-70,true,1.00,4504,312,4503,131,540235,3461
patternCount-71,true,1.00,24,304,22,1,2940,580
patternCount-72,true,1.00,7877,308,7877,234,850691,2369
patternCount-73,true,1.00,29,313,27,1,3650,1851
patternCount-74,false,0.59,5976,191,5976,191,682770,3543
patternCount-75,true,1.00,8731,327,8729,262,1128990,4627
patternCount-76,true,1.00,21,302,18,1,2373,641
patternCount-77,true,1.00,1205,308,1202,35,148507,3253
patternCount-78,true,1.00,6804,309,6802,202,817981,3839
patternCount-79,true,1.00,6048,315,6047,181,756224,3713
patternCount-80,true,1.00,9868,314,9866,292,1160188,3838
patternCount-81,true,1.00,64,308,62,2,8236,1080
patternCount-82,true,1.00,103,306,101,3,12853,1266
patternCount-83,true,1.00,35,320,32,1,4612,2238
patternCount-84,true,1.00,1118,318,1114,34,166109,4784
patternCount-85,true,1.00,1538,312,1536,45,190446,3554
patternCount-86,true,1.00,22,306,20,1,2490,317
patternCount-87,true,1.00,168,302,166,5,20468,1088
patternCount-88,true,1.00,5090,328,5089,154,688725,4372
patternCount-89,true,1.00,230,306,228,7,28617,1699
patternCount-90,true,1.00,5003,314,4999,149,655677,4133
patternCount-91,true,1.00,1030,314,1028,31,139568,4545
patternCount-92,true,1.00,133,308,131,4,16964,1702
patternCount-93,true,1.00,6710,310,6708,200,734768,3318
patternCount-94,true,1.00,267,306,265,8,33471,959
patternCount-95,true,1.00,201,308,199,6,25613,2170
patternCount-96,true,1.00,56,304,54,2,6997,1833
patternCount-97,false,0.87,8805,278,8805,278,1264820,4914
patternCount-98,true,1.00,503,320,501,15,77238,2061
patternCount-99,true,1.00,14,306,12,1,1664,160
patternCount-100,true,1.00,5247,310,5246,158,739810,3535
