ST:4
TTFW:2.0
level,win/fail,% travelled,run time,game ticks,planning time,total plannings,nodes evaluated,most backtracked nodes
Krys-1,true,1.00,1763,570,1727,53,36771,769
Krys-2,true,1.00,4502,479,4492,135,109994,522
Krys-3,true,1.00,9899,604,9887,299,271537,697
Krys-4,true,1.00,7256,506,7249,219,199068,667
Krys-5,true,1.00,43,407,17,1,342,86
Krys-6,true,1.00,7024,469,7016,213,166697,840
Krys-7,true,1.00,26,482,14,1,230,45
Krys-8,true,1.00,34,449,22,1,422,134
Krys-9,true,1.00,27,453,15,1,270,77
Krys-10,true,1.00,3590,517,3579,108,93732,778
Krys-11,true,1.00,40,489,16,1,188,46
Krys-12,false,0.70,31900,999,31898,999,862919,780
Krys-13,true,1.00,83,496,28,1,788,426
Krys-14,true,1.00,113,453,101,3,1489,345
Krys-15,true,1.00,8934,496,8926,271,267478,754
Krys-16,true,1.00,5685,496,5676,174,143874,554
Krys-17,true,1.00,178,570,166,5,4256,562
Krys-18,true,1.00,181,485,166,5,4154,459
Krys-19,true,1.00,1856,428,1846,58,46861,479
Krys-20,true,1.00,9818,616,9806,306,278085,634
Krys-21,true,1.00,75,410,62,2,1832,418
Krys-22,true,1.00,29,444,18,1,304,105
Krys-23,true,1.00,45,585,29,1,642,209
Krys-24,true,1.00,6718,434,6712,218,174946,783
Krys-25,true,1.00,2742,542,2732,83,75966,807
Krys-26,true,1.00,58,406,29,1,355,82
Krys-27,true,1.00,6873,490,6863,208,174235,702
Krys-28,true,1.00,54,600,38,1,815,108
Krys-29,true,1.00,2247,527,2236,67,60885,405
Krys-30,true,1.00,8887,563,8880,269,210370,738
Krys-31,true,1.00,133,488,118,4,1558,159
Krys-32,true,1.00,96,526,82,2,1054,263
Krys-33,true,1.00,23,409,13,1,149,17
Krys-34,true,1.00,85,562,68,2,1370,218
Krys-35,true,1.00,1137,424,1127,34,27102,672
Krys-36,true,1.00,13032,514,13030,402,350182,721
Krys-37,true,1.00,42,557,26,1,641,77
Krys-38,true,1.00,42,524,30,1,676,182
Krys-39,true,1.00,2272,444,2238,68,62135,284
Krys-40,true,1.00,520,521,510,15,13524,326
Krys-41,false,0.70,31782,999,31779,999,914946,159
Krys-42,true,1.00,27,473,14,1,263,36
Krys-43,true,1.00,43,381,12,1,182,49
Krys-44,true,1.00,4140,582,4129,125,127651,382
Krys-45,true,1.00,12425,549,12420,377,309475,730
Krys-46,true,1.00,51,553,35,1,853,462
Krys-47,true,1.00,39,533,24,1,537,151
Krys-48,true,1.00,24,421,11,1,260,55
Krys-49,true,1.00,30,525,17,1,292,19
Krys-50,true,1.00,9300,500,9295,282,245557,797
Krys-51,true,1.00,575,474,563,17,16207,404
Krys-52,true,1.00,6247,513,6241,192,160647,503
Krys-53,true,1.00,45,525,29,1,664,252
Krys-54,true,1.00,7629,523,7618,231,220532,680
Krys-55,true,1.00,121,551,104,3,2794,470
Krys-56,true,1.00,17543,733,17526,531,410508,850
Krys-57,true,1.00,582,324,572,18,16933,425
Krys-58,true,1.00,215,558,199,6,5492,225
Krys-59,true,1.00,6270,583,6241,188,144101,866
Krys-60,true,1.00,13027,506,13013,394,364938,721
Krys-61,true,1.00,5537,579,5525,167,138024,766
Krys-62,true,1.00,41,545,27,1,523,213
Krys-63,true,1.00,6675,609,6664,205,193717,566
Krys-64,true,1.00,1172,568,1156,35,34187,644
Krys-65,true,1.00,312,573,300,9,8126,435
Krys-66,true,1.00,186,609,170,5,4185,295
Krys-67,true,1.00,124,610,104,3,2069,263
Krys-68,true,1.00,1556,428,1548,47,40619,325
Krys-69,true,1.00,11685,746,11673,354,271590,788
Krys-70,true,1.00,11418,554,11412,346,306190,821
Krys-71,true,1.00,29,429,20,1,412,91
Krys-72,true,1.00,40,504,27,1,526,81
Krys-73,false,0.80,31792,999,31790,999,918968,271
Krys-74,true,1.00,25,461,14,1,233,29
Krys-75,true,1.00,223,500,170,5,985,39
Krys-76,true,1.00,4968,460,4947,149,129137,793
Krys-77,true,1.00,108,442,94,3,2081,105
Krys-78,true,1.00,15112,529,15108,462,407331,928
Krys-79,true,1.00,41,508,27,1,553,346
Krys-80,true,1.00,53,565,42,1,754,493
Krys-81,true,1.00,37,514,24,1,517,106
Krys-82,true,1.00,57,441,32,1,355,199
Krys-83,true,1.00,10922,505,10918,331,294003,731
Krys-84,true,1.00,23,365,14,1,154,31
Krys-85,true,1.00,54,604,39,1,925,326
Krys-86,true,1.00,36,465,24,1,606,351
Krys-87,true,1.00,9422,442,9417,286,239734,718
Krys-88,true,1.00,72,474,28,1,809,205
Krys-89,true,1.00,36,477,17,1,311,37
Krys-90,true,1.00,32,438,23,1,502,103
Krys-91,true,1.00,24,445,12,1,252,86
Krys-92,true,1.00,13165,531,13145,409,345385,758
Krys-93,true,1.00,146,434,135,4,3745,454
Krys-94,true,1.00,121,388,109,4,3312,250
Krys-95,true,1.00,107,457,89,3,2330,104
Krys-96,true,1.00,39,474,28,1,766,126
Krys-97,true,1.00,33,433,23,1,530,129
Krys-98,true,1.00,5689,542,5681,178,153664,668
Krys-99,true,1.00,2975,478,2964,90,69695,306
Krys-100,true,1.00,23,389,13,1,247,65
