ST:6
TTFW:1.0
level,win/fail,% travelled,run time,game ticks,planning time,total plannings,nodes evaluated,most backtracked nodes
Krys-1,true,1.00,109,576,89,3,1476,289
Krys-2,true,1.00,176,516,163,5,3210,387
Krys-3,false,0.70,26141,999,26131,999,832906,618
Krys-4,true,1.00,131,595,95,3,1859,276
Krys-5,true,1.00,13,442,8,1,214,55
Krys-6,true,1.00,1040,448,1023,30,22311,564
Krys-7,true,1.00,26,460,6,1,153,22
Krys-8,true,1.00,47,537,24,1,417,96
Krys-9,true,1.00,33,470,29,1,447,182
Krys-10,true,1.00,57,528,54,2,1161,294
Krys-11,true,1.00,11,518,7,1,127,15
Krys-12,true,1.00,11842,531,11835,365,324774,613
Krys-13,true,1.00,31,467,17,1,319,104
Krys-14,true,1.00,6470,479,6466,196,174706,441
Krys-15,true,1.00,32,581,27,1,911,319
Krys-16,true,1.00,36,563,32,1,602,245
Krys-17,true,1.00,158,627,153,5,4844,384
Krys-18,true,1.00,365,584,336,10,6300,302
Krys-19,true,1.00,108,455,71,2,1199,375
Krys-20,true,1.00,13072,678,13068,396,358659,904
Krys-21,true,1.00,25,509,23,1,687,293
Krys-22,true,1.00,26,545,23,1,697,488
Krys-23,true,1.00,17,611,13,1,349,124
Krys-24,false,0.70,28152,999,28127,999,864721,570
Krys-25,false,0.18,23948,999,23940,999,799462,41
Krys-26,true,1.00,24,479,7,1,246,45
Krys-27,true,1.00,59,524,52,2,809,166
Krys-28,true,1.00,928,716,923,28,29473,246
Krys-29,true,1.00,153,502,149,5,3566,103
Krys-30,true,1.00,66,600,61,2,1466,333
Krys-31,true,1.00,926,614,923,28,23685,400
Krys-32,true,1.00,31,551,27,1,262,59
Krys-33,true,1.00,10,473,8,1,168,46
Krys-34,true,1.00,16,625,12,1,331,59
Krys-35,true,1.00,47,446,18,1,442,253
Krys-36,true,1.00,15456,548,15455,490,481303,718
Krys-37,true,1.00,131,693,127,4,4306,564
Krys-38,true,1.00,20,647,16,1,577,70
Krys-39,true,1.00,77,547,73,3,2204,36
Krys-40,true,1.00,1585,477,1582,48,53834,525
Krys-41,true,1.00,12132,586,12130,375,378449,651
Krys-42,true,1.00,6221,526,6219,198,259751,1128
Krys-43,true,1.00,33,455,29,1,792,252
Krys-44,true,1.00,64,718,59,2,1902,215
Krys-45,true,1.00,18,581,14,1,341,49
Krys-46,true,1.00,26,684,21,1,591,152
Krys-47,true,1.00,31,598,23,1,642,180
Krys-48,true,1.00,13,504,10,1,306,81
Krys-49,true,1.00,87,589,83,3,2210,417
Krys-50,false,0.70,30411,999,30410,999,960921,794
Krys-51,true,1.00,15,479,12,1,379,147
Krys-52,true,1.00,36,621,31,1,763,229
Krys-53,true,1.00,22,635,19,1,490,125
Krys-54,true,1.00,7902,718,7899,240,258994,632
Krys-55,true,1.00,23,659,19,1,535,142
Krys-56,true,1.00,401,469,395,12,10427,502
Krys-57,true,1.00,11,431,7,1,203,49
Krys-58,true,1.00,52,552,48,2,1489,345
Krys-59,true,1.00,6838,600,6820,206,173242,870
Krys-60,true,1.00,6125,611,6122,187,188657,505
Krys-61,true,1.00,86,574,82,3,2191,511
Krys-62,true,1.00,30,593,24,1,556,296
Krys-63,true,1.00,296,859,290,9,9151,150
Krys-64,true,1.00,29,683,21,1,673,307
Krys-65,true,1.00,2484,542,2481,75,69999,373
Krys-66,true,1.00,6102,627,6094,185,154431,311
Krys-67,true,1.00,422,593,417,13,13242,343
Krys-68,true,1.00,7,353,4,1,144,28
Krys-69,true,1.00,3135,537,3131,95,79055,826
Krys-70,false,0.80,26164,999,26158,999,818903,842
Krys-71,true,1.00,6851,460,6849,210,266980,982
Krys-72,true,1.00,36,581,33,1,810,222
Krys-73,true,1.00,17195,674,17194,535,507152,868
Krys-74,true,1.00,15,497,11,1,276,149
Krys-75,true,1.00,18,611,13,1,324,129
Krys-76,true,1.00,77,468,64,2,1004,271
Krys-77,true,1.00,12,563,9,1,233,34
Krys-78,true,1.00,6992,606,6989,221,195486,855
Krys-79,true,1.00,19,533,14,1,330,169
Krys-80,true,1.00,20,589,14,1,347,120
Krys-81,true,1.00,657,593,653,20,20711,414
Krys-82,true,1.00,20,477,16,1,399,294
Krys-83,false,0.91,28351,999,28346,999,872931,823
Krys-84,true,1.00,14,539,10,1,291,131
Krys-85,true,1.00,65,666,60,2,1646,260
Krys-86,true,1.00,39,515,11,1,343,119
Krys-87,true,1.00,9,431,5,1,132,49
Krys-88,true,1.00,37,544,18,1,461,173
Krys-89,true,1.00,2367,538,2365,72,58945,633
Krys-90,true,1.00,16,479,13,1,496,116
Krys-91,true,1.00,11,470,7,1,176,38
Krys-92,true,1.00,19003,641,19003,591,549244,1002
Krys-93,true,1.00,21,494,17,1,473,264
Krys-94,true,1.00,15,515,11,1,312,66
Krys-95,true,1.00,38,563,32,1,1030,708
Krys-96,true,1.00,13,509,9,1,363,112
Krys-97,true,1.00,853,538,850,26,22472,242
Krys-98,true,1.00,499,734,494,15,13386,469
Krys-99,true,1.00,97,589,93,3,2236,253
Krys-100,true,1.00,9,401,6,1,202,66
