ST:9
TTFW:2.0
level,win/fail,% travelled,run time,game ticks,planning time,total plannings,nodes evaluated,most backtracked nodes
Krys-1,false,0.76,10207,529,10194,529,139196,459
Krys-2,true,1.00,9700,592,9675,339,131768,467
Krys-3,false,0.70,15152,999,15134,999,240567,429
Krys-4,true,1.00,16789,672,16754,578,240471,431
Krys-5,true,1.00,16710,782,16704,514,257737,404
Krys-6,true,1.00,8584,820,8568,278,118754,498
Krys-7,true,1.00,8990,707,8977,282,135650,387
Krys-8,true,1.00,19526,699,19510,634,281382,424
Krys-9,true,1.00,13742,782,13691,448,202971,511
Krys-10,true,1.00,9501,750,9467,290,141457,497
Krys-11,true,1.00,9429,701,9407,287,126862,315
Krys-12,false,0.61,26370,999,26357,999,345064,272
Krys-13,false,0.55,7305,260,7303,260,105535,41
Krys-14,true,1.00,100,757,43,1,407,149
Krys-15,true,1.00,19490,792,19481,771,316985,509
Krys-16,true,1.00,2105,864,2088,63,27925,247
Krys-17,true,1.00,19672,965,19660,634,290511,421
Krys-18,true,1.00,26834,970,26828,949,403580,493
Krys-19,true,1.00,25408,970,25402,788,343536,484
Krys-20,true,1.00,15614,903,15601,608,224428,385
Krys-21,true,1.00,327,844,301,9,4495,170
Krys-22,true,1.00,12012,623,11998,382,169910,435
Krys-23,true,1.00,15160,653,15153,538,212110,411
Krys-24,false,0.70,17737,999,17721,999,246131,477
Krys-25,false,0.18,3377,999,3354,999,56675,21
Krys-26,false,0.80,16139,565,16138,565,255267,454
Krys-27,true,1.00,16350,807,16341,636,212193,254
Krys-28,true,1.00,17185,784,17178,624,240871,383
Krys-29,true,1.00,12374,845,12361,378,197993,509
Krys-30,true,1.00,8227,889,8214,276,115132,179
Krys-31,true,1.00,19951,771,19945,710,307905,418
Krys-32,true,1.00,41,711,20,1,200,87
Krys-33,true,1.00,20124,684,20122,632,274128,374
Krys-34,true,1.00,18171,823,18164,636,293815,478
Krys-35,true,1.00,14994,575,14990,478,217263,452
Krys-36,false,0.82,24382,999,24377,999,386290,531
Krys-37,true,1.00,11227,764,11218,360,179340,484
Krys-38,false,0.92,18002,992,17994,992,310636,283
Krys-39,false,0.91,23795,999,23779,999,361847,453
Krys-40,true,1.00,16607,735,16583,688,294925,477
Krys-41,false,0.70,20229,999,20218,999,304505,473
Krys-42,true,1.00,17002,741,16994,689,246770,368
Krys-43,false,0.87,12963,421,12962,421,180086,55
Krys-44,false,0.75,13251,455,13251,455,205777,433
Krys-45,true,1.00,4211,898,4192,127,59248,230
Krys-46,true,1.00,1278,783,1261,38,17645,320
Krys-47,true,1.00,22780,974,22775,720,335119,460
Krys-48,true,1.00,92,549,76,3,1155,31
Krys-49,false,0.68,17195,549,17194,549,231153,324
Krys-50,false,0.70,11869,999,11843,999,185937,449
Krys-51,true,1.00,20156,862,20151,625,309218,442
Krys-52,true,1.00,14072,891,14055,520,185285,454
Krys-53,true,1.00,19363,993,19355,604,279263,430
Krys-54,true,1.00,13127,880,13113,765,205681,422
Krys-55,true,1.00,22470,856,22463,750,332382,414
Krys-56,false,0.37,6280,229,6279,229,93522,28
Krys-57,true,1.00,18541,713,18538,607,258120,479
Krys-58,true,1.00,14963,714,14956,472,211679,388
Krys-59,true,1.00,10025,813,9997,311,131712,438
Krys-60,false,0.91,22522,757,22519,757,335553,395
Krys-61,true,1.00,11657,818,11643,358,156497,427
Krys-62,true,1.00,8676,796,8666,264,115619,217
Krys-63,false,0.92,28257,990,28243,990,378289,346
Krys-64,true,1.00,5482,766,5468,178,81612,313
Krys-65,true,1.00,12905,819,12895,397,165401,407
Krys-66,true,1.00,21461,845,21457,730,299905,466
Krys-67,true,1.00,176,750,160,5,2250,184
Krys-68,true,1.00,17307,700,17303,679,279153,501
Krys-69,true,1.00,13257,739,13247,615,175295,311
Krys-70,false,0.71,15998,999,15981,999,221365,466
Krys-71,false,0.81,11722,570,11718,570,185764,496
Krys-72,true,1.00,5596,772,5579,180,80716,319
Krys-73,false,0.57,7566,268,7566,268,105569,342
Krys-74,true,1.00,16042,699,16038,530,215188,31
Krys-75,true,1.00,2537,678,2522,77,32225,206
Krys-76,false,0.60,11288,363,11288,363,152475,386
Krys-77,true,1.00,314,736,298,9,3929,199
Krys-78,false,0.70,16984,999,16962,999,248395,467
Krys-79,false,0.36,6371,209,6371,209,90680,423
Krys-80,false,0.70,23614,760,23614,760,328586,431
Krys-81,false,0.68,20429,645,20428,645,306438,484
Krys-82,true,1.00,40,687,24,1,251,153
Krys-83,false,0.34,5844,199,5844,199,84644,50
Krys-84,true,1.00,35,647,17,1,197,81
Krys-85,true,1.00,17919,817,17911,567,269662,463
Krys-86,true,1.00,6359,536,6352,200,80610,343
Krys-87,true,1.00,516,783,496,15,6879,212
Krys-88,true,1.00,17686,686,17682,567,259933,433
Krys-89,true,1.00,17387,670,17383,562,233452,389
Krys-90,false,0.91,15831,601,15806,601,241997,501
Krys-91,true,1.00,86,632,68,2,740,248
Krys-92,false,0.82,26709,999,26705,999,414528,501
Krys-93,true,1.00,10776,621,10768,351,157943,434
Krys-94,true,1.00,23044,955,23035,795,341833,480
Krys-95,true,1.00,8561,654,8548,266,116887,489
Krys-96,false,0.78,10930,451,10925,451,161451,242
Krys-97,false,0.68,13003,411,13003,411,175787,350
Krys-98,false,0.84,22353,806,22348,806,320234,440
Krys-99,true,1.00,5227,762,5208,158,73284,196
Krys-100,true,1.00,111,734,95,3,1394,155
