ST:8
TTFW:1.0
level,win/fail,% travelled,run time,game ticks,planning time,total plannings,nodes evaluated,most backtracked nodes
patternCount-1,false,0.93,18559,704,18557,704,477771,789
patternCount-2,true,1.00,5125,513,5123,264,143907,409
patternCount-3,true,1.00,10751,595,10750,446,278751,417
patternCount-4,true,1.00,222,874,217,33,5748,130
patternCount-5,true,1.00,349,682,345,38,9753,148
patternCount-6,true,1.00,30,576,25,3,629,306
patternCount-7,true,1.00,28,722,23,2,508,125
patternCount-8,true,1.00,19986,833,19982,782,494838,774
patternCount-9,true,1.00,2268,677,2262,132,61572,295
patternCount-10,true,1.00,21,537,5,1,98,10
patternCount-11,true,1.00,17467,701,17466,659,440177,629
patternCount-12,true,1.00,94,709,91,3,1559,390
patternCount-13,true,1.00,242,477,235,54,4706,225
patternCount-14,true,1.00,132,649,119,4,2017,156
patternCount-15,true,1.00,27,626,7,1,140,18
patternCount-16,true,1.00,84,686,58,4,843,86
patternCount-17,true,1.00,30,621,8,1,153,42
patternCount-18,true,1.00,117,671,98,3,1549,306
patternCount-19,true,1.00,299,529,295,22,7976,232
patternCount-20,true,1.00,5118,708,5115,162,124486,390
patternCount-21,true,1.00,28,585,24,1,515,251
patternCount-22,true,1.00,17730,733,17728,699,431012,201
patternCount-23,false,0.81,12875,527,12875,527,334740,726
patternCount-24,false,0.79,11754,726,11751,726,320126,784
patternCount-25,true,1.00,21,489,18,1,428,261
patternCount-26,true,1.00,31,727,24,6,683,213
patternCount-27,true,1.00,1260,589,1257,55,31876,480
patternCount-28,true,1.00,373,691,367,18,9557,96
patternCount-29,true,1.00,2650,557,2643,130,69565,399
patternCount-30,true,1.00,31,691,26,1,611,430
patternCount-31,true,1.00,7953,452,7933,324,207736,792
patternCount-32,true,1.00,7134,700,7130,435,185973,820
patternCount-33,true,1.00,7945,575,7941,439,224176,527
patternCount-34,true,1.00,7170,651,7167,374,197414,475
patternCount-35,true,1.00,15,529,11,1,259,72
patternCount-36,true,1.00,6007,531,6003,219,155044,742
patternCount-37,true,1.00,6147,577,6145,329,170553,649
patternCount-38,true,1.00,2343,474,2338,357,68362,226
patternCount-39,true,1.00,1053,563,1050,32,27205,260
patternCount-40,false,0.97,16409,759,16409,759,430092,641
patternCount-41,true,1.00,30,836,24,1,620,257
patternCount-42,true,1.00,4503,591,4500,150,114155,575
patternCount-43,true,1.00,42,656,37,5,1000,168
patternCount-44,true,1.00,97,594,94,3,2312,416
patternCount-45,true,1.00,3059,473,3056,149,79701,329
patternCount-46,true,1.00,5420,711,5413,287,151207,392
patternCount-47,true,1.00,13732,992,13727,499,360062,449
patternCount-48,true,1.00,194,840,188,6,4769,172
patternCount-49,true,1.00,3613,605,3603,239,98993,505
patternCount-50,true,1.00,15790,903,15786,559,407590,385
patternCount-51,true,1.00,1054,593,1050,224,31308,291
patternCount-52,true,1.00,44,562,40,5,1001,212
patternCount-53,true,1.00,14170,755,14167,721,335341,542
patternCount-54,true,1.00,11,621,7,1,136,15
patternCount-55,true,1.00,14710,895,14703,855,395502,678
patternCount-56,true,1.00,668,735,664,108,18254,363
patternCount-57,true,1.00,34,668,29,1,731,297
patternCount-58,true,1.00,33,657,28,1,659,220
patternCount-59,true,1.00,48,619,44,2,1129,67
patternCount-60,true,1.00,1517,737,1513,327,44486,406
patternCount-61,true,1.00,2668,592,2658,297,76148,427
patternCount-62,true,1.00,32,666,27,2,683,394
patternCount-63,true,1.00,20,709,15,1,372,133
patternCount-64,true,1.00,31,550,27,1,710,447
patternCount-65,true,1.00,16,470,12,1,275,171
patternCount-66,true,1.00,3289,683,3285,106,82449,621
patternCount-67,true,1.00,6933,775,6929,218,170646,528
patternCount-68,true,1.00,19,574,15,1,304,117
patternCount-69,true,1.00,15,751,10,1,219,51
patternCount-70,true,1.00,11,586,7,1,140,20
patternCount-71,true,1.00,484,742,478,50,13396,169
patternCount-72,true,1.00,17612,704,17611,675,450814,622
patternCount-73,true,1.00,14604,706,14601,564,383517,583
patternCount-74,false,0.85,11320,585,11319,585,298659,630
patternCount-75,true,1.00,2392,539,2389,107,62368,364
patternCount-76,true,1.00,326,748,322,19,7676,251
patternCount-77,true,1.00,11964,907,11959,440,309612,756
patternCount-78,true,1.00,11,642,7,1,141,16
patternCount-79,true,1.00,17168,631,17167,590,413699,483
patternCount-80,true,1.00,13408,774,13406,643,339516,491
patternCount-81,true,1.00,13,678,7,1,136,11
patternCount-82,true,1.00,10,612,6,1,103,9
patternCount-83,true,1.00,369,457,363,118,10710,48
patternCount-84,true,1.00,1506,637,1502,62,40245,138
patternCount-85,true,1.00,6242,655,6239,276,149961,386
patternCount-86,true,1.00,915,563,909,59,25269,359
patternCount-87,true,1.00,19,757,13,1,307,100
patternCount-88,true,1.00,30,710,26,1,643,224
patternCount-89,true,1.00,17,645,13,1,295,68
patternCount-90,true,1.00,13,547,9,1,214,40
patternCount-91,true,1.00,6656,619,6653,226,182964,845
patternCount-92,true,1.00,33,683,28,1,644,272
patternCount-93,true,1.00,18099,833,18096,805,491145,533
patternCount-94,true,1.00,529,639,525,45,14351,404
patternCount-95,true,1.00,10067,617,10065,375,277350,605
patternCount-96,true,1.00,2440,497,2435,279,72253,163
patternCount-97,true,1.00,11763,581,11760,383,289597,734
patternCount-98,true,1.00,235,818,230,30,5672,175
patternCount-99,true,1.00,3050,759,3045,115,82231,447
patternCount-100,true,1.00,35,551,31,1,775,580
