ST:1
TTFW:2.0
level,win/fail,% travelled,run time,game ticks,planning time,total plannings,nodes evaluated,most backtracked nodes
patternCount-1,false,0.93,11475,361,11475,361,2055834,1056
patternCount-2,true,1.00,19,354,17,1,2965,1290
patternCount-3,true,1.00,7530,370,7529,228,1225903,2597
patternCount-4,true,1.00,23,396,20,1,3460,352
patternCount-5,true,1.00,26,380,24,1,3853,524
patternCount-6,true,1.00,18,344,16,1,2400,369
patternCount-7,true,1.00,27,380,25,1,3916,631
patternCount-8,true,1.00,3644,399,3642,110,646943,3318
patternCount-9,true,1.00,1676,376,1673,50,280178,2775
patternCount-10,true,1.00,19,345,17,1,2621,693
patternCount-11,true,1.00,5429,411,5427,162,840312,1834
patternCount-12,true,1.00,100,346,98,3,17818,2758
patternCount-13,true,1.00,19,342,17,1,2724,313
patternCount-14,true,1.00,26,363,24,1,3846,669
patternCount-15,true,1.00,93,366,90,3,9699,579
patternCount-16,true,1.00,832,353,831,25,133987,2064
patternCount-17,true,1.00,131,414,127,4,15615,699
patternCount-18,true,1.00,21,339,18,1,2991,422
patternCount-19,true,1.00,28,330,25,1,4413,804
patternCount-20,true,1.00,31,379,29,1,4601,991
patternCount-21,true,1.00,563,361,560,17,85748,1823
patternCount-22,true,1.00,3050,404,3047,92,527486,2984
patternCount-23,false,0.88,11033,347,11032,347,2096519,868
patternCount-24,true,1.00,10137,373,10136,307,1962453,2556
patternCount-25,true,1.00,13,356,12,1,1784,204
patternCount-26,true,1.00,23,348,21,1,3415,768
patternCount-27,true,1.00,4689,391,4687,142,806297,4794
patternCount-28,true,1.00,21,380,18,1,3062,518
patternCount-29,true,1.00,330,387,327,10,52127,1552
patternCount-30,true,1.00,471,402,468,14,74946,1175
patternCount-31,true,1.00,1524,394,1521,46,250242,1659
patternCount-32,true,1.00,29,372,27,1,4595,781
patternCount-33,true,1.00,3637,343,3629,110,644477,782
patternCount-34,true,1.00,1884,387,1881,57,309618,1538
patternCount-35,true,1.00,67,400,64,2,10189,1730
patternCount-36,true,1.00,993,397,990,30,159742,1162
patternCount-37,true,1.00,25,336,23,1,3559,942
patternCount-38,true,1.00,2846,365,2843,86,471959,1482
patternCount-39,true,1.00,25,364,23,1,3670,624
patternCount-40,true,1.00,7806,394,7804,234,1184682,954
patternCount-41,true,1.00,30,372,28,1,4752,634
patternCount-42,true,1.00,67,367,65,2,10375,1401
patternCount-43,true,1.00,3174,382,3172,96,496268,1813
patternCount-44,true,1.00,22,356,20,1,3286,340
patternCount-45,true,1.00,4233,346,4230,128,702781,2464
patternCount-46,true,1.00,194,373,192,6,27600,2257
patternCount-47,true,1.00,63,378,60,2,9605,921
patternCount-48,true,1.00,29,376,27,1,4355,1242
patternCount-49,true,1.00,28,374,24,1,4072,873
patternCount-50,true,1.00,6507,399,6505,196,1187263,1609
patternCount-51,true,1.00,496,345,494,15,81420,1785
patternCount-52,true,1.00,16,352,14,1,2499,387
patternCount-53,true,1.00,5378,371,5376,161,816871,702
patternCount-54,true,1.00,867,409,865,25,127905,1123
patternCount-55,true,1.00,8730,367,8729,264,1683452,1533
patternCount-56,true,1.00,21,361,19,1,3200,532
patternCount-57,true,1.00,23,351,21,1,3361,978
patternCount-58,false,0.85,11340,355,11340,355,1793488,861
patternCount-59,true,1.00,1029,378,1026,31,158705,972
patternCount-60,true,1.00,34,376,31,1,5126,885
patternCount-61,true,1.00,23,367,20,1,3411,326
patternCount-62,true,1.00,65,389,62,2,9547,715
patternCount-63,true,1.00,24,384,20,1,3496,376
patternCount-64,true,1.00,27,366,25,1,3957,1510
patternCount-65,true,1.00,21,368,18,1,2887,760
patternCount-66,true,1.00,30,382,27,1,4367,808
patternCount-67,true,1.00,32,398,30,1,5057,597
patternCount-68,true,1.00,30,342,27,1,4239,1611
patternCount-69,true,1.00,78,395,75,2,8591,591
patternCount-70,true,1.00,29,383,26,1,4235,691
patternCount-71,true,1.00,26,362,24,1,4022,1253
patternCount-72,true,1.00,10441,366,10440,312,1524983,2034
patternCount-73,true,1.00,2681,351,2679,81,466449,2085
patternCount-74,true,1.00,10461,378,10460,315,1601820,2309
patternCount-75,true,1.00,1802,386,1800,54,264432,1498
patternCount-76,true,1.00,23,368,20,1,3463,579
patternCount-77,true,1.00,30,340,28,1,4767,2056
patternCount-78,true,1.00,2070,418,2068,62,327231,1723
patternCount-79,false,0.83,11116,349,11115,349,1986767,1233
patternCount-80,true,1.00,694,383,692,21,112663,1864
patternCount-81,true,1.00,28,368,24,1,3868,491
patternCount-82,true,1.00,25,369,23,1,3563,900
patternCount-83,true,1.00,166,371,163,5,27071,1277
patternCount-84,true,1.00,30,366,28,1,4752,1391
patternCount-85,true,1.00,67,371,65,2,7482,627
patternCount-86,true,1.00,36,369,32,1,4954,1197
patternCount-87,true,1.00,131,369,129,4,20536,1114
patternCount-88,true,1.00,2798,386,2797,85,478389,1584
patternCount-89,true,1.00,200,362,198,6,32157,1037
patternCount-90,true,1.00,21,360,18,1,2860,599
patternCount-91,true,1.00,895,365,892,27,145079,1542
patternCount-92,true,1.00,24,388,22,1,2963,462
patternCount-93,true,1.00,8597,382,8582,258,1274620,1466
patternCount-94,true,1.00,1361,365,1357,41,218451,2918
patternCount-95,true,1.00,23,366,21,1,3422,339
patternCount-96,true,1.00,200,356,198,6,34869,1849
patternCount-97,false,0.87,11158,353,11157,353,2172197,2604
patternCount-98,true,1.00,2515,419,2513,76,399092,1146
patternCount-99,true,1.00,30,388,27,1,4699,883
patternCount-100,true,1.00,29,374,26,1,4343,1842
