ST:1
TTFW:2.0
level,win/fail,% travelled,run time,game ticks,planning time,total plannings,nodes evaluated,most backtracked nodes
Krys-1,true,1.00,4309,340,4286,130,654592,4651
Krys-2,true,1.00,7961,362,7959,240,1113084,2760
Krys-3,true,1.00,8729,359,8729,262,1292518,4497
Krys-4,true,1.00,10110,345,10079,305,1432989,3288
Krys-5,true,1.00,3602,282,3599,109,614681,4089
Krys-6,true,1.00,5058,310,5043,153,809862,4421
Krys-7,true,1.00,6932,316,6931,214,1017621,1313
Krys-8,true,1.00,6426,338,6425,193,938940,3191
Krys-9,true,1.00,2086,317,2085,63,340674,1891
Krys-10,true,1.00,9350,341,9350,284,1502891,3620
Krys-11,true,1.00,5923,329,5921,177,797971,2325
Krys-12,false,0.70,32679,999,32644,999,4904835,4997
Krys-13,true,1.00,5420,308,5402,163,782067,2984
Krys-14,false,0.70,7747,249,7747,249,1118761,3633
Krys-15,true,1.00,8239,363,8239,249,1335155,4144
Krys-16,false,0.69,32266,999,32246,999,5207964,3141
Krys-17,true,1.00,6480,351,6479,197,1012847,2920
Krys-18,true,1.00,3568,304,3566,107,506293,1245
Krys-19,true,1.00,5250,324,5248,159,855677,4737
Krys-20,true,1.00,6072,330,6070,182,902163,3023
Krys-21,true,1.00,1326,312,1324,40,223402,1776
Krys-22,true,1.00,7834,316,7834,239,1338516,1891
Krys-23,true,1.00,6312,336,6311,190,928405,2435
Krys-24,false,0.70,32410,999,32408,999,4815999,3233
Krys-25,false,0.18,14097,428,14094,428,2304464,130
Krys-26,true,1.00,132,276,130,4,15182,1972
Krys-27,true,1.00,6220,335,6219,189,951349,4089
Krys-28,true,1.00,5471,348,5455,163,793089,1702
Krys-29,true,1.00,2856,333,2854,86,381107,2637
Krys-30,true,1.00,7685,371,7682,232,1132433,3183
Krys-31,true,1.00,1060,328,1057,32,139312,1656
Krys-32,true,1.00,2653,314,2651,80,405349,1593
Krys-33,true,1.00,5623,327,5621,170,752070,2808
Krys-34,true,1.00,7218,316,7217,213,1043365,4634
Krys-35,true,1.00,3136,331,3134,95,517418,3047
Krys-36,false,0.91,32439,999,32438,999,5067908,2529
Krys-37,true,1.00,1575,298,1573,48,276944,2805
Krys-38,true,1.00,6602,321,6600,200,1232241,2722
Krys-39,false,0.91,32523,999,32521,999,5111904,3039
Krys-40,true,1.00,7963,342,7963,241,1302162,5497
Krys-41,false,0.70,32406,999,32406,999,5092401,1314
Krys-42,true,1.00,6170,311,6169,186,983512,3401
Krys-43,true,1.00,138,311,129,4,19954,1471
Krys-44,true,1.00,28,328,26,1,4107,759
Krys-45,true,1.00,10553,368,10553,320,1515226,3468
Krys-46,true,1.00,34,328,32,1,4543,1028
Krys-47,true,1.00,3054,328,3052,92,459565,970
Krys-48,true,1.00,8878,308,8878,269,1384598,1557
Krys-49,true,1.00,7717,324,7715,232,1008600,3262
Krys-50,false,0.80,8914,279,8914,279,1287042,2060
Krys-51,true,1.00,8941,342,8940,271,1428186,4652
Krys-52,true,1.00,6948,338,6947,210,918899,864
Krys-53,true,1.00,34,324,32,1,4532,1029
Krys-54,true,1.00,7770,330,7767,233,1187205,3781
Krys-55,true,1.00,7691,334,7690,231,1101991,2582
Krys-56,false,0.59,32172,999,32166,999,5256023,4546
Krys-57,true,1.00,6909,284,6908,213,1030928,714
Krys-58,true,1.00,1385,319,1384,42,212316,2641
Krys-59,false,0.89,32105,999,32079,999,5194564,5138
Krys-60,true,1.00,9318,331,9317,280,1460290,2260
Krys-61,false,0.79,7486,247,7466,247,1162527,3645
Krys-62,true,1.00,8300,353,8299,250,1132831,3091
Krys-63,false,0.90,9245,294,9243,294,1274301,3377
Krys-64,false,0.26,2125,77,2123,77,371765,557
Krys-65,true,1.00,4719,295,4718,139,570414,3003
Krys-66,false,0.86,9597,301,9595,301,1327117,3441
Krys-67,false,0.76,9157,289,9156,289,1309320,3918
Krys-68,true,1.00,8099,320,8098,252,1265207,2266
Krys-69,true,1.00,6531,334,6530,197,927467,4609
Krys-70,false,0.80,32445,999,32442,999,5018003,2568
Krys-71,true,1.00,5333,327,5332,161,823874,3188
Krys-72,true,1.00,431,341,429,13,55309,1690
Krys-73,false,0.80,32464,999,32463,999,4800674,3716
Krys-74,true,1.00,6263,325,6261,188,818428,2556
Krys-75,true,1.00,5062,325,5060,151,632951,2818
Krys-76,true,1.00,4226,313,4224,128,680466,2812
Krys-77,true,1.00,6280,320,6279,190,1005293,3020
Krys-78,false,0.70,32371,999,32369,999,4902457,2457
Krys-79,true,1.00,10079,363,10078,305,1493076,3077
Krys-80,true,1.00,5237,341,5235,158,784323,2106
Krys-81,true,1.00,7948,321,7946,241,1241508,4547
Krys-82,true,1.00,4786,331,4785,145,695518,2278
Krys-83,true,1.00,10839,376,10837,328,1578767,3482
Krys-84,true,1.00,199,297,197,6,30364,1336
Krys-85,true,1.00,28,334,26,1,4097,664
Krys-86,true,1.00,25,302,23,1,3230,999
Krys-87,true,1.00,8074,321,8074,246,1107643,1528
Krys-88,true,1.00,4888,346,4887,148,800195,3901
Krys-89,true,1.00,4975,329,4974,149,647544,3095
Krys-90,false,0.91,8186,257,8186,257,1421564,1481
Krys-91,true,1.00,7199,336,7197,219,1070005,1661
Krys-92,false,0.91,32580,999,32577,999,4457925,4518
Krys-93,false,0.74,7093,230,7092,230,1075467,1977
Krys-94,true,1.00,7927,325,7925,241,1294824,1904
Krys-95,true,1.00,4148,318,4147,125,543691,3447
Krys-96,true,1.00,7320,292,7319,220,1227874,2532
Krys-97,true,1.00,31,312,29,1,4445,995
Krys-98,true,1.00,10620,398,10619,324,1520264,4370
Krys-99,true,1.00,7463,358,7462,226,1032433,4544
Krys-100,true,1.00,32,306,29,1,5013,1352
