ST:5
TTFW:2.0
level,win/fail,% travelled,run time,game ticks,planning time,total plannings,nodes evaluated,most backtracked nodes
Krys-1,true,1.00,3526,604,3489,106,101425,917
Krys-2,true,1.00,8245,492,8213,248,270631,427
Krys-3,false,0.70,30839,999,30803,999,1220693,1150
Krys-4,true,1.00,14431,549,14406,455,551043,425
Krys-5,true,1.00,8,449,5,1,198,32
Krys-6,true,1.00,3855,439,3827,119,137533,1087
Krys-7,true,1.00,11,542,7,1,223,40
Krys-8,true,1.00,590,603,572,17,13975,626
Krys-9,true,1.00,21,424,18,1,178,65
Krys-10,true,1.00,72,539,63,2,2832,530
Krys-11,true,1.00,50,615,14,1,410,186
Krys-12,true,1.00,10605,586,10601,319,362891,798
Krys-13,true,1.00,12,447,9,1,209,40
Krys-14,true,1.00,163,456,160,5,2823,43
Krys-15,true,1.00,139,561,135,4,3846,750
Krys-16,true,1.00,7442,601,7438,227,251787,908
Krys-17,true,1.00,31,574,15,1,263,44
Krys-18,true,1.00,139,560,132,4,3576,753
Krys-19,true,1.00,33,459,23,1,798,611
Krys-20,true,1.00,5217,631,5213,158,214741,744
Krys-21,true,1.00,14,473,12,1,484,187
Krys-22,true,1.00,17,559,13,1,584,211
Krys-23,true,1.00,17,622,14,1,495,166
Krys-24,true,1.00,8309,548,8308,261,310728,1033
Krys-25,true,1.00,1148,567,1145,36,45633,1131
Krys-26,true,1.00,9,407,7,1,258,121
Krys-27,true,1.00,91,542,87,3,3494,365
Krys-28,true,1.00,27,677,20,1,917,336
Krys-29,true,1.00,26,613,22,1,912,340
Krys-30,true,1.00,6000,628,5997,182,208675,505
Krys-31,true,1.00,23,589,20,1,766,205
Krys-32,true,1.00,11,513,8,1,295,179
Krys-33,true,1.00,11,562,7,1,242,80
Krys-34,true,1.00,15,552,11,1,496,147
Krys-35,true,1.00,41,535,23,1,785,605
Krys-36,true,1.00,11127,530,11126,360,439839,1186
Krys-37,true,1.00,112,581,109,4,4682,462
Krys-38,true,1.00,18,632,14,1,632,219
Krys-39,true,1.00,155,525,152,5,5915,617
Krys-40,true,1.00,662,601,658,20,29661,629
Krys-41,true,1.00,9044,567,9042,278,354580,1186
Krys-42,true,1.00,13,512,10,1,350,73
Krys-43,true,1.00,10,470,6,1,224,73
Krys-44,true,1.00,18,628,16,1,635,157
Krys-45,true,1.00,11887,500,11886,363,418254,1084
Krys-46,true,1.00,17,602,13,1,456,168
Krys-47,true,1.00,13,570,9,1,335,79
Krys-48,true,1.00,8,443,5,1,193,36
Krys-49,true,1.00,22,612,17,1,659,214
Krys-50,true,1.00,11616,536,11615,360,454676,1309
Krys-51,true,1.00,18,562,15,1,650,289
Krys-52,true,1.00,10702,623,10700,325,395895,413
Krys-53,true,1.00,14,642,10,1,375,161
Krys-54,true,1.00,6396,637,6393,194,287997,1213
Krys-55,true,1.00,19,564,15,1,635,138
Krys-56,true,1.00,10034,512,10029,303,329659,1097
Krys-57,true,1.00,11,400,8,1,347,207
Krys-58,true,1.00,17,618,13,1,487,207
Krys-59,true,1.00,2723,471,2705,85,95576,1167
Krys-60,true,1.00,204,581,201,6,6113,958
Krys-61,true,1.00,28,495,24,1,830,354
Krys-62,true,1.00,17,559,11,1,295,120
Krys-63,true,1.00,23,729,19,1,629,129
Krys-64,true,1.00,24,602,21,1,817,277
Krys-65,true,1.00,21,578,13,1,464,206
Krys-66,true,1.00,10065,663,10062,305,345076,427
Krys-67,true,1.00,18,637,14,1,529,179
Krys-68,true,1.00,10,443,7,1,242,81
Krys-69,true,1.00,5545,536,5543,168,179662,952
Krys-70,true,1.00,13595,689,13593,416,532235,912
Krys-71,true,1.00,14,559,10,1,464,120
Krys-72,true,1.00,28,643,23,1,844,201
Krys-73,true,1.00,14880,683,14877,454,543662,1186
Krys-74,true,1.00,10,507,7,1,185,40
Krys-75,true,1.00,9,497,5,1,162,17
Krys-76,true,1.00,23,455,20,1,707,463
Krys-77,true,1.00,23,467,7,1,267,98
Krys-78,true,1.00,11056,558,11053,341,410426,1226
Krys-79,true,1.00,11,484,8,1,228,73
Krys-80,true,1.00,15,580,11,1,326,136
Krys-81,true,1.00,14,574,10,1,417,81
Krys-82,true,1.00,94,514,89,3,2984,528
Krys-83,true,1.00,14872,695,14871,460,517504,1070
Krys-84,true,1.00,9,393,5,1,145,36
Krys-85,true,1.00,16,632,12,1,434,138
Krys-86,true,1.00,14,543,10,1,393,163
Krys-87,true,1.00,10398,444,10397,320,349152,995
Krys-88,true,1.00,13,487,10,1,386,238
Krys-89,true,1.00,19,495,16,1,469,270
Krys-90,true,1.00,10,467,7,1,269,53
Krys-91,true,1.00,11,592,6,1,201,27
Krys-92,false,0.91,31311,999,31310,999,1105281,1213
Krys-93,true,1.00,29,607,24,1,944,355
Krys-94,true,1.00,11,489,8,1,293,84
Krys-95,true,1.00,19,492,12,1,382,139
Krys-96,true,1.00,12,498,9,1,383,83
Krys-97,true,1.00,9,447,7,1,181,32
Krys-98,true,1.00,8154,771,8150,257,299758,862
Krys-99,true,1.00,8226,520,8224,259,273455,325
Krys-100,true,1.00,8,467,5,1,202,28
