ST:3
TTFW:1.0
level,win/fail,% travelled,run time,game ticks,planning time,total plannings,nodes evaluated,most backtracked nodes
Krys-1,true,1.00,13553,536,13536,417,475766,1201
Krys-2,true,1.00,9114,380,9098,275,311950,807
Krys-3,false,0.70,31489,999,31445,999,1214843,1086
Krys-4,true,1.00,9287,421,9266,286,299527,1097
Krys-5,true,1.00,61,357,20,1,549,74
Krys-6,true,1.00,4602,371,4594,143,164924,1020
Krys-7,true,1.00,25,395,14,1,435,77
Krys-8,true,1.00,4033,393,4027,122,157074,859
Krys-9,true,1.00,23,364,12,1,421,50
Krys-10,true,1.00,10299,422,10295,314,384681,1134
Krys-11,true,1.00,29,404,16,1,489,113
Krys-12,true,1.00,9232,446,9227,280,322668,1072
Krys-13,true,1.00,31,440,19,1,573,62
Krys-14,false,0.79,30897,999,30886,999,1109524,591
Krys-15,true,1.00,9034,412,9015,273,368626,1093
Krys-16,true,1.00,8010,406,8006,247,282055,1134
Krys-17,true,1.00,9476,483,9470,290,380573,924
Krys-18,true,1.00,79,390,65,2,1137,38
Krys-19,true,1.00,5890,394,5885,177,214844,820
Krys-20,true,1.00,9029,475,9025,273,357211,1270
Krys-21,true,1.00,23,378,16,1,471,85
Krys-22,true,1.00,24,368,17,1,503,120
Krys-23,true,1.00,1542,429,1535,47,56451,102
Krys-24,true,1.00,7992,435,7988,242,305472,1240
Krys-25,true,1.00,1662,420,1648,50,63110,865
Krys-26,true,1.00,23,359,17,1,502,242
Krys-27,true,1.00,6206,398,6200,188,221485,956
Krys-28,true,1.00,7246,398,7240,220,242896,1082
Krys-29,true,1.00,5550,443,5545,168,231073,1025
Krys-30,true,1.00,9403,454,9397,287,343073,1129
Krys-31,true,1.00,67,384,59,2,2054,379
Krys-32,true,1.00,28,427,20,1,499,77
Krys-33,true,1.00,26,402,17,1,455,81
Krys-34,true,1.00,6177,385,6172,187,250374,743
Krys-35,true,1.00,3070,371,3063,93,113651,988
Krys-36,true,1.00,11089,415,11088,337,437243,1295
Krys-37,true,1.00,2962,444,2954,91,125645,1242
Krys-38,true,1.00,3686,418,3659,111,156404,798
Krys-39,true,1.00,11317,424,11315,343,419537,1126
Krys-40,true,1.00,8550,411,8548,259,345168,841
Krys-41,true,1.00,8286,414,8281,251,328052,1295
Krys-42,true,1.00,25,366,20,1,528,76
Krys-43,true,1.00,50,353,41,1,482,155
Krys-44,true,1.00,8153,400,8151,252,343515,980
Krys-45,true,1.00,4447,423,4440,137,154971,613
Krys-46,true,1.00,7419,439,7415,225,290546,1018
Krys-47,true,1.00,45,453,36,1,1145,351
Krys-48,true,1.00,28,374,21,1,596,150
Krys-49,true,1.00,46,464,34,1,1134,249
Krys-50,true,1.00,10132,428,10130,307,385017,1351
Krys-51,true,1.00,9838,406,9835,298,346536,1053
Krys-52,true,1.00,7156,393,7153,217,260692,1147
Krys-53,true,1.00,11484,497,11478,350,450436,955
Krys-54,true,1.00,10545,458,10514,328,425367,1273
Krys-55,true,1.00,10752,454,10750,327,382053,1039
Krys-56,false,0.59,31966,999,31963,999,1203246,271
Krys-57,true,1.00,27,356,19,1,636,138
Krys-58,true,1.00,7858,441,7853,239,313027,1283
Krys-59,true,1.00,10546,389,10520,325,371708,1087
Krys-60,true,1.00,11186,409,11183,339,421488,939
Krys-61,true,1.00,8907,435,8904,270,343430,1215
Krys-62,true,1.00,8817,425,8812,269,296786,1079
Krys-63,true,1.00,13793,579,13791,428,530866,1250
Krys-64,true,1.00,2381,444,2368,72,98136,1142
Krys-65,true,1.00,9113,439,9108,280,300059,1092
Krys-66,true,1.00,10552,420,10550,320,365129,1109
Krys-67,true,1.00,209,424,198,6,7256,355
Krys-68,true,1.00,30,378,19,1,641,181
Krys-69,true,1.00,11518,481,11516,357,420145,1086
Krys-70,false,0.80,31717,999,31714,999,1171883,1279
Krys-71,true,1.00,30,413,20,1,701,256
Krys-72,true,1.00,41,431,30,1,930,261
Krys-73,true,1.00,11058,482,11054,339,411335,1088
Krys-74,true,1.00,36,413,28,1,807,350
Krys-75,true,1.00,227,392,214,7,7049,653
Krys-76,true,1.00,5219,399,5211,158,187790,1078
Krys-77,true,1.00,37,401,16,1,493,82
Krys-78,true,1.00,13899,512,13897,421,534626,1341
Krys-79,true,1.00,9613,366,9612,292,301328,166
Krys-80,true,1.00,43,454,32,1,917,319
Krys-81,true,1.00,37,386,27,1,798,108
Krys-82,true,1.00,4742,410,4738,144,134738,219
Krys-83,true,1.00,12124,441,12108,367,450951,1131
Krys-84,true,1.00,20,380,11,1,331,76
Krys-85,true,1.00,8056,415,8052,252,320634,1051
Krys-86,true,1.00,8470,476,8466,258,349048,1177
Krys-87,true,1.00,27,392,16,1,497,166
Krys-88,true,1.00,8607,419,8603,261,338380,833
Krys-89,true,1.00,43,376,35,1,1056,635
Krys-90,true,1.00,102,364,98,3,3826,422
Krys-91,true,1.00,27,404,18,1,526,111
Krys-92,true,1.00,12049,459,12048,372,440190,1195
Krys-93,true,1.00,8555,387,8547,260,301290,1004
Krys-94,true,1.00,40,380,29,1,610,177
Krys-95,true,1.00,1643,356,1635,50,61804,1248
Krys-96,true,1.00,24,404,15,1,527,54
Krys-97,true,1.00,8159,380,8155,251,335142,1095
Krys-98,true,1.00,14023,516,14019,435,519444,1149
Krys-99,true,1.00,6529,403,6525,198,224862,548
Krys-100,true,1.00,20,371,12,1,377,41
