ST:7
TTFW:2.0
level,win/fail,% travelled,run time,game ticks,planning time,total plannings,nodes evaluated,most backtracked nodes
Krys-1,true,1.00,9304,760,9264,282,219046,639
Krys-2,true,1.00,9297,602,9280,282,173642,505
Krys-3,true,1.00,19621,951,19617,683,479090,737
Krys-4,true,1.00,132,696,125,4,1825,206
Krys-5,true,1.00,19,570,13,1,294,83
Krys-6,true,1.00,1523,678,1516,46,32267,673
Krys-7,true,1.00,16,486,5,1,103,12
Krys-8,true,1.00,36,570,31,1,596,181
Krys-9,true,1.00,13,510,9,1,172,49
Krys-10,true,1.00,2908,673,2903,90,66081,450
Krys-11,true,1.00,52,609,47,2,993,180
Krys-12,false,0.70,26307,999,26288,999,624414,392
Krys-13,true,1.00,11640,660,11621,406,250115,686
Krys-14,true,1.00,11,549,7,1,123,34
Krys-15,true,1.00,6966,626,6962,211,182853,694
Krys-16,true,1.00,15,691,9,1,171,34
Krys-17,true,1.00,53,683,46,2,940,68
Krys-18,true,1.00,63,690,56,2,1185,404
Krys-19,true,1.00,158,518,152,5,3108,470
Krys-20,true,1.00,7918,832,7913,240,166973,374
Krys-21,true,1.00,17,584,11,1,245,48
Krys-22,true,1.00,188,526,182,6,3905,253
Krys-23,true,1.00,20,633,13,1,283,44
Krys-24,false,0.70,24304,999,24301,999,593538,688
Krys-25,true,1.00,2432,705,2428,80,60472,413
Krys-26,true,1.00,50,480,46,2,644,441
Krys-27,true,1.00,10806,585,10804,328,237372,602
Krys-28,true,1.00,15501,873,15495,507,380466,697
Krys-29,true,1.00,97,637,90,3,1243,218
Krys-30,true,1.00,2890,743,2870,87,54976,348
Krys-31,true,1.00,171,595,165,5,1956,146
Krys-32,true,1.00,14,543,10,1,192,33
Krys-33,true,1.00,14,500,8,1,133,38
Krys-34,true,1.00,17,635,11,1,232,35
Krys-35,true,1.00,33,605,28,1,523,353
Krys-36,false,0.91,26088,999,26084,999,646944,513
Krys-37,true,1.00,63,664,56,2,1307,421
Krys-38,true,1.00,10616,637,10613,327,313790,397
Krys-39,true,1.00,1902,537,1896,58,43215,385
Krys-40,true,1.00,10951,721,10948,334,281488,713
Krys-41,false,0.70,26401,999,26400,999,658828,249
Krys-42,true,1.00,11025,541,11024,343,333554,958
Krys-43,true,1.00,8259,450,8258,252,159032,84
Krys-44,true,1.00,13313,697,13312,520,323540,525
Krys-45,true,1.00,36,642,31,1,639,476
Krys-46,true,1.00,37,724,30,1,575,201
Krys-47,true,1.00,22,731,15,1,287,47
Krys-48,true,1.00,22,546,17,1,400,73
Krys-49,true,1.00,323,712,317,10,6330,204
Krys-50,false,0.70,23471,999,23465,999,578630,627
Krys-51,true,1.00,83,544,79,3,1949,407
Krys-52,true,1.00,34,689,29,1,550,203
Krys-53,true,1.00,21,703,15,1,328,68
Krys-54,true,1.00,4232,790,4225,128,105573,477
Krys-55,true,1.00,16,640,11,1,238,88
Krys-56,true,1.00,6072,530,6068,197,126697,579
Krys-57,true,1.00,18258,678,18257,595,425443,663
Krys-58,true,1.00,39,691,16,1,317,57
Krys-59,true,1.00,170,623,164,5,2091,457
Krys-60,true,1.00,11791,524,11790,359,262566,707
Krys-61,true,1.00,18,558,13,1,228,36
Krys-62,true,1.00,14,558,10,1,155,39
Krys-63,true,1.00,123,909,114,4,2352,75
Krys-64,true,1.00,18,681,13,1,289,60
Krys-65,true,1.00,48,642,12,1,213,49
Krys-66,true,1.00,244,716,236,7,2650,142
Krys-67,true,1.00,1019,755,1009,32,25084,372
Krys-68,true,1.00,9061,451,9060,351,227515,632
Krys-69,true,1.00,9466,648,9462,289,178409,540
Krys-70,false,0.80,22438,999,22429,999,530729,383
Krys-71,true,1.00,12430,653,12427,385,337606,846
Krys-72,true,1.00,33,661,27,1,514,173
Krys-73,false,0.80,26208,999,26205,999,613719,624
Krys-74,true,1.00,10574,572,10572,339,199404,385
Krys-75,true,1.00,16,556,9,1,133,20
Krys-76,true,1.00,27,609,21,1,444,212
Krys-77,true,1.00,12,605,8,1,146,39
Krys-78,true,1.00,1523,545,1517,46,31918,448
Krys-79,true,1.00,5487,593,5483,168,111650,472
Krys-80,true,1.00,152,569,147,5,2948,118
Krys-81,true,1.00,14024,822,14020,428,324603,673
Krys-82,true,1.00,28,507,24,1,106,23
Krys-83,false,0.91,23112,999,23102,999,564122,540
Krys-84,true,1.00,10,479,5,1,90,10
Krys-85,true,1.00,23,710,17,1,349,55
Krys-86,true,1.00,14,556,8,1,125,18
Krys-87,true,1.00,97,643,90,3,972,252
Krys-88,true,1.00,13,591,9,1,200,31
Krys-89,true,1.00,3753,627,3749,114,69868,417
Krys-90,true,1.00,9853,475,9852,330,266810,714
Krys-91,true,1.00,10,545,5,1,109,13
Krys-92,false,0.91,27675,999,27669,999,630567,645
Krys-93,true,1.00,356,622,351,11,8192,545
Krys-94,true,1.00,14,570,8,1,166,23
Krys-95,true,1.00,6225,636,6222,190,135396,772
Krys-96,true,1.00,11233,529,11231,429,329031,180
Krys-97,true,1.00,1676,632,1672,52,33595,299
Krys-98,true,1.00,12808,786,12804,404,241953,526
Krys-99,true,1.00,2144,634,2138,65,39612,250
Krys-100,true,1.00,15,605,10,1,242,48
